0.025
0.003
0.099
0.172
0.133
-0.024
0.057
-0.052
-0.062
-0.060
-0.223
-0.063
0.130
0.050
-0.152
-0.106
0.036
-0.105
0.040
0.140
-0.062
0.148
-0.183
0.102
-0.032
0.088
0.027
0.166
0.095
0.075
-0.101
0.014
-0.008
0.279
-0.039
0.037
0.025
0.126
-0.084
-0.438
-0.092
0.028
-0.009
-0.075
-0.021
0.100
0.028
-0.077
-0.013
0.137
-0.244
-0.006
0.161
0.055
-0.071
-0.089
-0.078
-0.063
-0.035
0.043
0.005
0.194
0.143
0.007
0.147
-0.078
-0.083
-0.047
0.016
-0.017
-0.025
0.100
0.202
-0.014
-0.050
0.032
0.214
-0.146
-0.057
-0.020
0.108
-0.218
-0.003
0.133
-0.116
-0.139
-0.040
0.027
0.042
-0.123
0.111
-0.012
-0.002
0.146
0.152
0.082
0.110
0.186
-0.032
-0.232
-0.270
0.246
0.154
-0.251
0.142
-0.027
0.055
0.035
-0.015
-0.169
0.026
0.169
0.175
0.008
0.129
-0.005
0.000
0.016
-0.002
-0.023
0.045
0.049
0.040
-0.040
0.139
0.139
-0.069
0.156
0.013
-0.158
0.220
0.161
0.042
-0.164
0.036
-0.012
-0.148
-0.025
-0.091
0.002
0.049
0.056
-0.042
0.033
-0.036
-0.156
-0.377
-0.013
-0.014
-0.020
-0.011
0.247
-0.097
-0.248
0.239
-0.096
0.123
0.182
-0.041
-0.144
0.069
0.009
0.028
0.043
0.095
-0.069
0.189
-0.310
0.040
0.063
-0.018
0.211
0.211
0.002
-0.076
-0.217
0.080
-0.069
-0.307
-0.091
0.023
0.251
0.030
0.007
-0.034
-0.104
-0.077
0.066
0.130
0.198
-0.076
-0.026
-0.189
0.118
0.111
-0.149
0.028
-0.312
0.067
-0.080
0.198
-0.207
-0.077
0.033
-0.136
0.006
-0.015
0.170
0.068
0.039
-0.133
0.135
-0.083
0.253
0.185
-0.342
0.153
-0.157
0.060
-0.239
0.028
0.019
-0.003
-0.044
0.208
0.185
-0.225
0.113
-0.001
0.047
-0.025
-0.028
0.134
-0.052
0.036
0.073
0.024
-0.127
0.003
0.175
0.098
0.089
-0.189
-0.084
0.029
0.291
-0.165
0.019
0.189
0.171
-0.122
0.086
-0.127
0.359
-0.173
0.138
0.092
0.064
0.087
0.043
0.002
-0.088
-0.100
0.369
0.020
-0.226
0.114
-0.037
-0.063
0.003
0.029
0.022
-0.174
0.019
0.105
-0.105
-0.017
-0.030
0.005
-0.190
0.023
0.075
0.230
-0.106
-0.053
0.008
-0.225
-0.012
0.085
-0.042
0.115
-0.002
-0.142
0.040
-0.170
-0.068
0.025
-0.064
-0.016
0.007
0.026
0.022
0.178
-0.130
0.014
-0.037
0.189
0.001
0.026
0.100
-0.151
-0.192
0.220
-0.051
0.075
-0.071
0.162
-0.100
0.171
0.013
0.089
0.020
0.033
0.066
-0.047
0.257
-0.067
-0.036
0.109
0.069
0.048
0.121
-0.042
0.023
-0.099
-0.041
0.151
-0.116
-0.143
0.138
-0.183
0.086
-0.254
0.018
-0.106
0.144
0.072
-0.170
0.066
-0.086
-0.096
-0.013
0.038
0.028
-0.217
0.003
0.062
0.100
-0.165
-0.010
-0.028
-0.032
-0.126
-0.013
-0.024
-0.054
-0.070
0.031
0.091
0.156
-0.156
0.177
0.163
0.128
0.068
0.262
-0.144
-0.082
-0.048
-0.143
0.042
0.065
0.076
-0.373
0.056
0.050
-0.068
0.004
-0.022
-0.058
-0.073
0.028
-0.132
0.050
0.311
-0.176
-0.237
0.156
0.219
-0.188
0.032
0.137
-0.069
0.012
-0.161
0.168
-0.018
-0.146
0.048
0.050
-0.008
-0.144
0.033
-0.082
-0.016
-0.044
0.037
0.036
0.222
0.200
-0.110
0.174
0.181
0.112
0.058
0.027
-0.138
0.049
-0.084
-0.119
-0.180
0.027
0.063
0.094
-0.127
-0.027
-0.091
-0.202
-0.135
0.028
-0.168
0.048
0.010
0.129
-0.091
0.088
-0.103
0.032
0.032
-0.022
0.078
-0.243
-0.021
-0.114
0.001
0.153
0.240
0.044
0.035
-0.235
-0.199
0.103
0.075
-0.006
-0.063
-0.171
0.179
-0.184
0.045
-0.069
0.182
0.047
-0.224
-0.135
0.076
-0.164
0.061
-0.078
-0.061
-0.001
-0.068
-0.045
-0.213
0.245
0.013
0.026
0.070
-0.141
0.113
-0.181
0.193
-0.069
-0.099
0.210
0.086
0.037
-0.085
-0.123
-0.107
0.080
-0.033
-0.269
-0.028
0.006
-0.115
-0.156
0.017
0.189
0.001
-0.099
-0.079
-0.066
0.003
-0.037
0.039
0.350
0.114
-0.107
-0.059
0.058
-0.109
-0.135
-0.006
-0.115
0.034
0.168
0.202
-0.136
0.121
-0.079
-0.031
-0.142
0.178
-0.067
0.116
-0.310
-0.127
-0.093
0.256
-0.070
0.045
-0.301
0.064
-0.198
0.206
0.155
-0.094
-0.147
-0.081
0.128
0.092
-0.020
0.067
-0.060
-0.143
0.199
-0.003
-0.123
-0.090
-0.040
-0.253
-0.089
0.162
0.115
0.171
0.010
-0.001
-0.046
0.095
0.347
-0.017
-0.009
-0.199
-0.051
0.196
-0.335
-0.017
-0.060
-0.116
-0.028
0.100
-0.326
0.172
0.065
0.068
0.006
-0.183
0.076
-0.053
0.120
-0.007
0.168
-0.014
-0.008
-0.023
-0.118
-0.012
-0.156
0.011
-0.052
0.035
-0.007
0.047
-0.056
-0.073
0.218
-0.000
0.141
-0.165
-0.100
0.251
-0.052
-0.058
0.071
0.036
0.231
0.077
0.095
-0.031
0.199
0.098
0.214
-0.069
-0.035
-0.183
-0.006
0.011
-0.238
0.177
0.003
0.102
-0.212
-0.034
0.080
-0.047
-0.376
-0.013
0.028
0.158
0.081
0.057
0.064
-0.150
-0.020
-0.091
0.024
0.176
0.096
-0.022
0.115
0.138
0.079
-0.116
-0.003
0.034
-0.076
0.155
0.130
-0.058
-0.086
0.060
-0.188
-0.155
0.016
0.155
0.105
0.004
-0.003
-0.052
0.011
-0.081
-0.208
-0.055
0.192
-0.103
0.097
-0.011
0.190
0.128
0.119
0.212
0.018
-0.009
0.002
0.121
0.039
0.093
-0.002
0.310
0.111
0.084
-0.179
0.119
-0.129
0.036
0.007
-0.001
0.154
-0.088
0.004
0.162
-0.038
0.092
0.072
-0.039
-0.038
-0.219
-0.021
0.066
0.075
0.275
-0.020
-0.113
-0.080
-0.036
-0.209
-0.021
-0.039
0.162
-0.084
0.048
0.032
-0.101
0.071
0.059
-0.027
-0.095
0.091
-0.089
0.010
0.032
-0.124
0.088
0.097
0.033
0.208
-0.073
-0.040
-0.042
-0.122
0.096
-0.033
-0.054
0.183
-0.061
-0.164
-0.021
0.110
0.119
0.075
