0.088
0.007
-0.117
0.001
-0.006
0.022
0.044
-0.037
0.009
-0.073
0.031
0.076
0.017
0.001
0.079
-0.032
-0.054
-0.001
0.050
-0.087
0.073
-0.065
-0.085
-0.045
-0.072
-0.004
-0.044
-0.075
-0.076
0.054
-0.001
0.059
0.061
-0.018
-0.150
-0.015
-0.046
-0.025
-0.054
0.041
0.014
-0.016
-0.034
0.022
0.069
-0.084
0.055
0.050
0.101
-0.017
-0.001
0.049
0.017
0.166
0.016
-0.098
-0.120
0.009
0.061
-0.088
-0.024
0.070
0.012
-0.067
0.026
0.008
0.015
0.204
-0.023
0.061
0.015
0.054
0.115
0.006
-0.074
0.003
0.001
0.009
-0.136
-0.014
-0.020
0.091
0.049
-0.065
-0.062
0.124
0.100
-0.036
0.112
0.001
0.000
0.019
-0.018
0.060
-0.037
-0.043
0.075
0.012
0.063
0.050
0.065
0.085
-0.067
-0.016
0.013
-0.032
0.017
0.003
-0.003
-0.016
0.017
-0.066
-0.006
-0.085
-0.022
0.065
0.058
0.031
0.085
0.062
0.004
0.048
-0.075
0.029
-0.074
-0.105
-0.078
-0.013
-0.028
-0.102
-0.016
0.029
-0.040
-0.041
0.105
0.080
-0.110
0.045
-0.182
0.000
0.066
-0.023
-0.043
0.013
0.025
-0.045
0.098
-0.064
0.021
0.061
-0.049
0.064
0.130
0.027
-0.021
-0.040
-0.000
0.033
0.069
-0.104
0.081
0.016
-0.035
-0.103
-0.005
-0.083
-0.040
0.008
-0.126
-0.011
-0.021
0.046
0.052
-0.053
-0.075
0.059
-0.009
-0.055
0.018
-0.051
0.083
0.003
-0.170
0.028
-0.025
-0.048
0.107
0.085
-0.083
0.059
0.003
-0.053
0.005
-0.001
0.061
-0.088
-0.025
-0.081
-0.070
-0.047
0.005
-0.014
0.040
-0.089
-0.127
0.062
-0.015
0.067
-0.135
0.000
-0.085
-0.064
-0.031
0.065
0.023
-0.014
-0.012
-0.008
0.013
0.049
0.090
-0.036
-0.008
-0.027
-0.012
0.011
0.072
-0.129
0.089
-0.016
0.003
-0.011
0.023
0.058
0.026
-0.022
-0.080
-0.010
-0.025
0.023
-0.052
-0.089
0.056
0.008
0.113
0.029
0.018
-0.112
-0.071
0.083
-0.090
-0.143
0.072
-0.027
0.087
-0.047
0.087
0.008
0.056
-0.035
0.069
-0.105
0.029
-0.002
-0.098
-0.015
0.011
0.023
0.059
-0.030
-0.008
-0.068
0.002
-0.063
-0.125
-0.023
-0.095
0.036
-0.010
-0.131
0.034
0.021
0.057
0.005
-0.014
0.023
-0.024
0.085
-0.023
0.050
-0.046
0.117
-0.045
-0.052
0.049
0.029
0.076
-0.045
-0.060
0.044
0.090
0.032
0.118
0.027
0.088
0.013
-0.011
0.011
-0.034
0.037
0.021
-0.027
-0.014
0.047
0.064
0.049
0.073
-0.026
0.029
-0.054
-0.123
0.048
-0.096
0.040
0.083
0.106
0.068
0.004
0.076
0.054
-0.045
0.023
0.121
-0.100
0.012
0.088
0.025
0.096
-0.047
0.054
-0.037
0.020
-0.023
0.059
-0.050
0.018
0.044
-0.094
0.101
0.067
-0.019
-0.004
-0.029
0.043
-0.041
0.014
0.064
-0.035
-0.062
-0.053
-0.081
-0.035
0.090
0.009
0.046
-0.120
0.061
0.021
0.122
-0.019
-0.031
-0.039
0.007
0.035
-0.072
-0.146
0.076
0.091
0.038
0.079
-0.074
-0.006
-0.019
0.043
-0.035
-0.025
0.061
0.013
0.033
-0.024
-0.093
-0.038
-0.011
0.005
0.009
0.060
0.073
0.025
0.054
0.028
0.016
-0.078
-0.074
-0.089
-0.108
0.043
-0.009
0.053
0.097
-0.034
-0.064
-0.093
-0.026
0.007
0.068
-0.087
0.062
0.033
-0.095
0.117
0.107
0.048
-0.068
-0.063
0.045
0.072
-0.061
0.014
-0.037
-0.083
0.163
-0.000
0.027
0.058
-0.123
0.041
-0.125
-0.062
0.172
-0.000
0.003
0.129
0.017
-0.122
-0.002
-0.034
0.025
-0.039
0.032
-0.135
-0.033
0.085
0.082
0.005
-0.031
-0.031
-0.024
0.004
-0.087
-0.020
0.142
0.025
0.059
0.035
0.058
0.051
-0.003
-0.051
-0.059
-0.021
0.087
-0.055
-0.040
-0.036
0.036
0.087
0.032
-0.016
0.077
0.057
0.089
-0.087
0.074
-0.156
0.040
-0.054
0.015
-0.195
0.010
0.055
-0.044
-0.058
0.031
-0.044
0.035
-0.074
-0.015
0.045
-0.055
-0.100
-0.081
-0.028
-0.016
-0.097
-0.059
-0.061
0.021
-0.063
0.158
-0.031
-0.068
-0.007
0.047
0.022
0.047
0.042
0.062
-0.022
0.004
0.122
0.028
0.033
0.054
-0.043
0.070
0.051
-0.016
0.010
0.075
-0.021
0.007
-0.028
0.016
-0.071
-0.104
-0.161
0.068
-0.039
-0.032
0.000
0.008
-0.024
-0.033
0.070
-0.020
-0.018
-0.059
0.062
0.091
-0.015
-0.020
0.039
0.001
0.076
0.007
0.030
-0.028
-0.072
-0.028
0.045
-0.078
-0.009
0.053
0.030
-0.026
-0.009
-0.057
-0.002
-0.052
0.082
-0.045
-0.005
0.084
-0.078
-0.022
-0.024
0.043
0.036
0.048
-0.044
-0.053
0.064
0.077
0.040
-0.100
-0.015
0.066
-0.052
-0.030
0.125
0.071
-0.002
-0.066
-0.032
-0.080
-0.061
-0.018
0.011
-0.018
-0.174
-0.079
0.071
-0.038
0.016
-0.043
0.005
0.042
-0.037
0.037
0.015
-0.025
0.076
0.005
-0.007
0.054
-0.061
-0.014
0.007
0.033
-0.003
-0.039
0.017
-0.036
-0.009
-0.033
0.070
0.106
0.048
-0.031
0.111
0.077
-0.019
0.030
-0.057
0.073
-0.014
-0.013
0.026
-0.040
-0.039
-0.123
0.048
-0.007
0.029
-0.029
0.073
-0.078
0.018
0.175
-0.006
0.003
0.024
0.073
0.047
0.130
-0.111
0.015
-0.031
0.014
-0.058
0.074
0.065
0.039
0.030
0.074
-0.069
-0.007
-0.123
0.041
0.079
-0.016
-0.088
0.036
-0.093
-0.051
-0.075
-0.064
-0.120
0.057
-0.102
0.064
-0.027
0.018
-0.052
0.145
-0.025
0.029
0.018
-0.058
-0.047
-0.007
0.011
-0.023
0.038
0.038
0.081
0.071
-0.023
-0.059
0.025
-0.008
-0.018
0.125
-0.009
0.021
0.062
0.022
-0.012
-0.067
0.005
0.119
-0.103
0.007
0.042
-0.070
0.066
-0.200
0.015
0.099
0.044
-0.016
-0.025
0.001
-0.036
-0.060
0.037
-0.026
-0.026
0.013
0.002
-0.033
0.123
0.013
0.066
0.041
-0.048
0.028
0.022
0.027
-0.104
-0.046
0.062
-0.067
0.025
0.005
-0.010
-0.042
0.062
0.031
0.029
-0.034
0.083
0.004
-0.104
0.126
0.061
0.056
0.039
0.202
-0.022
0.028
0.036
0.071
-0.012
-0.048
-0.040
-0.014
0.057
-0.053
-0.146
0.070
0.075
0.139
0.060
0.049
0.048
0.054
-0.040
-0.101
-0.006
-0.086
0.058
-0.020
0.095
-0.007
0.018
0.083
-0.021
0.076
0.114
-0.095
0.019
0.048
0.013
0.009
0.037
-0.003
-0.052
-0.047
0.011
-0.054
0.035
0.047
0.008
-0.009
0.080
-0.019
0.110
0.122
0.009
0.021
-0.006
-0.045
0.120
0.074
-0.140
-0.105
0.042
0.028
0.023
0.028
-0.036
0.002
-0.008
0.010
0.005
-0.048
0.043
-0.042
0.075
0.008
0.017
0.028
-0.057
0.018
0.063
0.001
0.048
-0.092
-0.123
0.024
0.010
0.010
0.066
-0.010
-0.008
0.066
0.016
0.075
-0.125
-0.010
0.077
0.061
-0.008
0.086
-0.005
0.066
-0.089
0.018
0.021
-0.066
-0.028
-0.030
0.082
0.006
-0.032
0.141
0.004
-0.020
0.045
0.118
0.016
0.067
-0.013
-0.006
0.046
-0.029
0.115
-0.096
-0.019
-0.109
0.049
0.078
-0.014
-0.015
-0.059
-0.056
0.025
0.042
-0.003
0.008
0.027
-0.009
-0.081
-0.070
0.049
-0.016
0.048
-0.117
-0.071
-0.098
0.036
-0.037
-0.022
-0.046
-0.050
0.088
-0.045
0.045
-0.103
-0.080
0.078
0.009
-0.033
0.130
0.113
0.029
0.064
0.093
0.060
-0.085
-0.029
-0.008
-0.011
-0.001
-0.044
0.082
0.091
-0.093
0.050
-0.013
0.044
0.024
0.006
0.000
0.006
0.017
-0.010
-0.001
0.006
0.020
-0.116
-0.073
-0.008
0.086
-0.019
-0.089
-0.017
-0.019
0.119
-0.042
-0.038
-0.112
0.045
-0.042
-0.161
-0.011
-0.111
0.076
-0.040
-0.028
-0.056
-0.001
-0.137
-0.010
0.028
0.043
0.068
-0.073
-0.059
0.025
0.067
-0.013
-0.132
0.069
-0.036
0.062
0.038
0.035
-0.093
-0.063
0.077
0.010
0.005
0.055
0.020
-0.053
0.145
-0.047
-0.008
0.011
0.049
-0.046
-0.130
-0.075
-0.012
0.133
-0.005
-0.069
0.018
0.031
-0.019
-0.077
-0.014
0.004
-0.158
0.045
-0.070
-0.044
-0.064
-0.043
-0.032
0.061
-0.036
-0.075
-0.136
-0.105
-0.022
-0.093
-0.156
0.082
0.027
-0.049
0.034
0.001
0.075
0.082
0.116
-0.086
0.057
0.099
0.022
-0.003
0.024
-0.014
-0.086
0.002
-0.004
0.020
0.032
0.002
-0.031
-0.085
0.012
0.043
-0.096
-0.057
0.044
0.090
0.070
0.002
0.084
-0.066
0.044
-0.066
-0.060
-0.012
-0.027
0.053
-0.156
0.028
0.041
-0.007
-0.055
-0.069
0.008
-0.105
0.145
0.176
-0.023
-0.010
-0.003
0.110
0.003
-0.027
-0.052
-0.056
0.059
0.105
0.017
0.013
-0.045
-0.041
-0.026
-0.029
-0.086
-0.063
0.020
0.018
-0.041
0.020
-0.017
-0.078
0.104
0.017
-0.034
-0.023
0.054
0.067
-0.054
-0.098
-0.025
-0.121
-0.055
-0.062
0.059
0.052
-0.063
-0.008
0.048
0.135
-0.035
-0.088
-0.035
0.133
-0.060
0.002
0.002
0.090
-0.052
0.134
0.003
0.084
-0.000
-0.054
0.120
0.023
0.013
0.015
0.023
-0.051
0.010
0.095
-0.104
0.047
-0.035
0.000
-0.019
-0.113
-0.099
0.026
0.019
0.008
0.053
-0.052
-0.107
0.015
0.096
-0.016
0.045
-0.026
-0.084
0.133
0.049
-0.174
0.015
0.281
-0.023
0.058
0.037
-0.028
0.043
-0.061
-0.038
0.053
-0.043
-0.075
0.051
0.110
0.064
-0.120
-0.074
-0.059
0.023
-0.087
0.010
0.018
0.080
-0.011
-0.078
0.066
-0.009
-0.010
0.055
-0.008
-0.023
0.014
0.016
0.058
0.092
0.073
-0.029
0.077
-0.008
-0.061
-0.016
-0.062
-0.044
-0.047
-0.025
-0.014
0.075
0.069
0.095
0.012
0.088
0.078
-0.043
-0.002
-0.083
-0.082
-0.101
-0.005
0.106
0.057
0.054
-0.025
-0.003
0.004
-0.051
-0.107
0.043
-0.002
0.002
0.059
-0.060
-0.003
0.124
0.005
-0.075
0.025
0.073
-0.080
-0.054
0.104
-0.022
0.075
0.102
-0.001
-0.047
-0.034
0.115
0.021
0.073
-0.046
0.057
-0.008
-0.041
0.071
-0.104
-0.065
0.080
-0.046
-0.054
0.035
0.011
-0.134
0.080
-0.014
-0.075
-0.146
-0.121
0.039
0.153
-0.017
-0.019
-0.035
-0.041
0.072
-0.068
-0.041
0.032
0.106
0.011
-0.011
-0.043
-0.009
0.002
0.027
-0.039
0.014
-0.024
0.020
0.016
0.048
-0.123
-0.029
-0.006
-0.046
0.081
-0.036
-0.139
-0.012
0.002
0.108
0.015
0.058
0.080
0.070
0.021
-0.012
-0.061
-0.058
0.068
-0.012
0.042
0.052
0.007
-0.040
-0.037
0.035
-0.011
-0.046
0.039
0.032
-0.045
0.094
-0.072
-0.078
0.028
0.044
0.103
-0.096
-0.016
-0.054
0.072
-0.108
-0.017
-0.062
0.056
-0.024
-0.011
-0.072
-0.097
-0.003
-0.047
-0.012
0.009
0.041
0.080
0.099
-0.001
0.033
-0.034
-0.039
0.034
-0.027
0.014
0.031
-0.031
-0.117
0.079
-0.029
0.046
0.069
0.003
0.092
0.080
-0.016
-0.028
-0.041
0.011
0.018
-0.043
-0.119
-0.053
0.213
-0.146
-0.057
-0.008
-0.007
-0.063
0.123
0.053
-0.041
0.032
0.038
0.043
-0.080
-0.001
0.030
-0.048
0.008
-0.012
0.095
0.084
-0.027
0.004
-0.057
-0.045
-0.021
0.065
0.073
-0.035
0.024
0.062
0.035
-0.095
-0.092
0.025
-0.035
-0.039
0.006
-0.094
0.089
-0.051
0.004
-0.015
-0.015
0.014
0.058
0.017
-0.018
-0.074
0.001
0.019
-0.023
0.016
0.009
-0.021
-0.062
-0.039
-0.000
-0.037
-0.068
-0.042
0.153
0.072
-0.018
0.009
-0.083
-0.053
-0.004
-0.032
0.093
0.043
0.000
-0.020
0.072
0.040
0.022
0.016
-0.081
-0.051
-0.105
-0.129
-0.011
0.025
0.054
0.047
-0.087
-0.036
-0.107
-0.073
-0.051
0.027
0.003
0.033
0.057
-0.179
-0.042
0.036
-0.046
-0.074
0.012
-0.006
0.020
-0.007
0.033
0.014
-0.027
-0.022
0.030
0.040
0.029
0.049
-0.045
0.052
0.042
0.091
0.070
0.043
-0.107
-0.100
-0.089
-0.015
-0.057
-0.015
-0.105
-0.051
-0.010
0.016
0.065
-0.106
-0.028
0.140
0.044
-0.004
0.046
0.061
-0.002
0.032
-0.019
-0.029
-0.005
0.007
0.007
0.045
-0.005
0.089
0.002
-0.016
0.023
-0.025
-0.122
-0.112
0.095
0.009
-0.097
0.019
0.028
0.074
-0.077
-0.090
-0.054
0.075
-0.024
0.093
-0.072
0.033
-0.048
0.003
0.015
-0.058
-0.165
-0.057
0.030
-0.036
-0.072
0.113
-0.121
-0.035
0.023
0.031
0.041
-0.006
0.022
0.007
-0.027
-0.019
0.070
0.004
-0.082
0.029
0.111
-0.078
-0.086
0.059
-0.014
-0.003
0.007
0.043
-0.097
-0.100
-0.097
0.002
0.026
-0.057
0.064
-0.030
-0.084
0.013
-0.062
0.011
-0.072
0.046
0.047
-0.048
-0.107
-0.047
-0.024
-0.004
-0.125
0.049
-0.035
-0.035
-0.048
-0.014
-0.047
0.024
-0.005
0.012
0.153
0.011
0.068
0.013
-0.020
0.156
0.033
0.106
0.060
-0.043
-0.038
0.114
0.098
0.031
-0.043
-0.055
0.077
-0.028
0.021
0.061
0.061
-0.080
0.012
0.150
-0.002
0.010
-0.017
-0.022
-0.066
-0.094
-0.011
-0.025
-0.073
0.121
0.086
-0.100
-0.094
-0.061
0.002
0.009
0.004
-0.052
-0.055
-0.004
0.010
-0.064
-0.044
0.072
-0.018
-0.031
-0.020
-0.039
0.070
0.016
-0.025
0.026
-0.090
0.023
0.068
0.031
0.009
-0.034
0.043
0.004
0.031
0.023
-0.004
-0.046
-0.009
-0.030
-0.040
0.092
-0.092
-0.006
0.085
-0.001
0.021
-0.088
-0.002
0.019
0.037
-0.015
-0.106
0.011
0.053
-0.076
-0.115
-0.016
0.022
-0.046
0.010
-0.020
0.024
0.057
0.117
0.067
-0.036
0.093
0.073
0.005
0.047
-0.103
0.000
0.025
-0.003
-0.027
-0.015
-0.052
0.021
0.065
-0.067
0.006
0.024
0.092
-0.069
0.045
0.024
-0.077
0.050
-0.052
-0.023
-0.159
-0.099
0.030
0.028
-0.102
-0.154
0.093
0.088
0.075
0.019
-0.015
-0.007
0.089
-0.036
-0.076
-0.064
0.080
-0.057
0.039
0.027
-0.036
0.049
-0.094
-0.035
-0.095
-0.016
0.076
-0.157
-0.017
0.147
-0.093
0.105
0.034
0.022
0.016
0.048
0.057
0.030
-0.133
-0.015
-0.032
0.169
-0.020
-0.008
-0.028
0.174
0.025
-0.021
-0.058
-0.179
-0.118
0.177
0.011
-0.063
0.030
-0.034
0.081
-0.042
0.086
0.047
0.099
0.057
-0.122
0.026
-0.074
0.037
-0.026
0.030
-0.011
0.074
0.099
0.065
-0.047
-0.026
0.037
-0.028
0.055
-0.012
-0.053
-0.047
-0.041
-0.001
-0.009
0.089
0.019
0.054
0.029
0.034
0.095
0.029
-0.030
-0.004
0.088
-0.020
0.088
-0.022
0.047
-0.063
-0.120
-0.090
0.166
0.035
0.085
-0.001
-0.022
0.068
0.070
0.003
-0.002
-0.035
-0.055
0.062
-0.068
-0.009
0.086
0.064
-0.021
0.084
-0.035
-0.041
0.010
-0.051
-0.036
0.051
-0.037
-0.101
-0.077
-0.057
-0.022
0.132
-0.003
0.215
-0.011
-0.021
0.012
0.036
0.107
-0.029
0.046
-0.030
0.148
0.004
0.013
0.036
0.002
-0.007
0.012
0.072
0.008
-0.037
-0.047
-0.017
-0.002
-0.023
0.006
0.041
0.003
0.107
-0.052
-0.063
0.041
0.013
-0.079
-0.001
0.020
-0.041
0.025
0.021
-0.060
-0.144
-0.038
-0.162
0.041
0.016
0.057
-0.035
-0.121
-0.007
0.109
-0.048
-0.015
-0.037
-0.091
0.052
-0.052
-0.049
-0.035
0.028
0.002
-0.077
0.002
0.078
0.030
-0.115
-0.005
0.003
0.089
0.037
-0.003
-0.186
-0.005
0.070
-0.107
-0.009
0.010
0.071
-0.033
0.008
0.062
-0.051
-0.023
0.064
-0.001
0.131
-0.047
0.079
0.038
0.090
-0.046
-0.111
-0.120
-0.201
-0.132
-0.046
-0.032
0.055
-0.065
-0.125
0.024
-0.015
-0.087
0.017
0.072
-0.066
0.144
0.076
-0.081
-0.151
0.059
-0.037
0.018
0.072
-0.006
0.037
-0.039
-0.038
-0.120
0.012
0.016
-0.049
-0.054
0.035
-0.033
-0.035
0.003
-0.007
0.004
0.071
0.043
-0.056
0.004
0.120
0.019
-0.049
-0.024
-0.012
0.012
-0.005
-0.022
0.001
-0.065
-0.082
-0.037
-0.112
0.073
-0.085
0.023
-0.020
0.007
0.043
0.034
-0.108
-0.044
0.020
0.036
0.048
-0.072
0.037
0.001
-0.039
-0.017
0.077
0.068
-0.023
-0.057
0.014
-0.077
-0.093
-0.061
-0.058
0.147
0.032
-0.010
-0.016
-0.054
0.130
0.020
0.118
-0.069
0.074
0.017
0.139
0.053
-0.004
-0.087
0.042
0.039
0.051
-0.052
-0.108
0.038
0.093
0.027
0.007
-0.080
0.034
-0.018
-0.013
0.016
0.010
-0.014
0.026
0.006
-0.094
0.121
0.069
-0.051
-0.034
0.042
-0.006
-0.018
-0.004
0.139
-0.030
0.097
0.009
0.007
-0.019
0.009
0.103
-0.046
-0.041
0.052
0.013
0.062
0.121
-0.040
0.074
-0.029
0.075
-0.089
0.004
0.036
0.114
0.036
0.056
0.110
0.120
0.045
-0.016
0.017
-0.054
0.012
-0.044
-0.013
-0.046
-0.109
-0.030
-0.077
-0.034
0.038
0.105
-0.044
-0.063
-0.050
0.005
-0.113
-0.042
0.057
-0.057
-0.064
-0.068
0.039
-0.040
-0.007
0.040
0.016
-0.013
0.000
-0.063
-0.086
-0.074
-0.020
-0.083
-0.057
0.052
-0.061
-0.007
-0.025
0.027
-0.050
0.054
0.061
-0.099
0.059
0.010
-0.004
-0.047
-0.001
-0.046
-0.022
-0.050
0.025
0.081
-0.126
0.035
-0.040
-0.000
-0.063
-0.015
-0.006
-0.091
-0.023
-0.042
-0.071
-0.035
-0.122
-0.070
-0.039
-0.000
-0.000
0.009
0.078
0.067
-0.061
-0.082
-0.036
-0.058
-0.069
-0.121
0.064
0.029
-0.024
0.023
0.028
-0.112
0.117
-0.032
0.045
-0.079
0.089
-0.087
-0.092
-0.044
-0.056
-0.050
0.052
-0.127
0.070
0.089
0.049
0.005
0.011
0.095
-0.034
-0.022
0.013
-0.003
0.060
-0.030
-0.051
0.070
0.015
-0.093
0.106
0.108
0.021
-0.005
0.011
-0.026
-0.151
0.000
0.030
0.012
-0.078
-0.123
-0.020
-0.016
0.038
0.028
-0.101
-0.008
-0.082
-0.095
0.121
-0.021
-0.067
-0.053
0.037
-0.000
-0.038
0.091
0.030
-0.004
-0.021
0.067
0.016
0.022
0.041
0.043
-0.081
-0.052
0.013
0.070
-0.082
0.042
-0.004
0.113
0.038
0.061
-0.060
-0.076
-0.074
-0.028
-0.045
-0.005
0.105
0.066
-0.012
-0.023
-0.045
-0.005
-0.113
0.010
-0.043
0.070
-0.008
-0.021
-0.018
0.047
0.039
-0.038
-0.043
0.017
0.015
0.062
-0.096
0.002
0.034
-0.027
0.084
0.091
-0.046
-0.050
-0.050
-0.036
-0.084
-0.038
0.056
0.013
0.058
0.029
0.052
-0.038
0.004
-0.041
0.014
0.085
0.015
0.001
-0.005
0.076
-0.001
0.157
0.029
0.054
-0.105
0.036
-0.061
-0.059
0.023
0.086
-0.051
0.076
0.036
-0.032
0.010
-0.023
-0.065
0.026
0.089
-0.049
0.017
0.084
0.094
0.053
-0.045
-0.032
0.044
-0.127
-0.059
0.085
-0.085
0.029
0.158
-0.046
0.049
-0.037
0.122
-0.086
-0.072
0.074
-0.038
0.044
-0.132
0.091
-0.164
0.071
-0.141
-0.041
0.040
0.106
0.095
-0.027
-0.096
0.008
-0.036
-0.066
-0.076
0.005
0.024
0.084
-0.008
0.037
0.162
-0.051
-0.010
-0.023
0.058
0.071
-0.046
0.100
-0.084
0.068
-0.053
0.070
-0.055
-0.019
0.012
-0.093
0.007
0.009
0.042
-0.043
-0.038
0.089
0.051
0.083
0.102
0.030
0.095
0.023
-0.106
-0.035
0.002
0.101
0.020
-0.002
0.026
-0.113
0.010
-0.048
-0.055
0.075
0.033
0.061
-0.020
-0.003
-0.051
0.011
-0.088
-0.009
0.091
-0.038
0.037
0.134
-0.010
-0.003
0.196
-0.075
0.082
-0.022
-0.115
0.025
-0.006
0.001
-0.074
-0.073
0.017
0.122
-0.074
0.007
-0.017
0.076
0.058
-0.054
0.051
0.047
-0.144
-0.037
-0.044
-0.093
-0.106
-0.005
0.069
-0.017
-0.037
0.008
0.026
0.014
0.178
0.020
0.034
-0.026
0.126
-0.054
-0.088
-0.017
0.022
-0.068
-0.047
-0.027
0.069
-0.008
0.097
0.015
0.004
-0.077
0.005
-0.164
-0.014
0.032
0.021
-0.028
0.085
-0.094
-0.095
0.113
-0.020
-0.002
0.063
-0.093
-0.074
0.045
-0.025
0.044
0.095
0.042
0.125
-0.012
0.148
-0.021
0.026
0.029
0.028
0.002
0.010
0.015
-0.013
-0.019
0.020
-0.050
-0.015
0.053
-0.116
0.066
0.012
0.042
0.079
0.053
0.044
0.069
0.008
0.083
-0.000
-0.109
-0.008
0.003
0.008
0.029
-0.012
-0.090
-0.031
0.008
0.027
-0.003
0.002
0.082
-0.020
0.130
-0.044
-0.073
-0.007
-0.042
0.049
0.091
-0.042
0.095
-0.020
-0.074
0.074
-0.181
-0.122
0.057
0.002
-0.084
0.051
-0.018
0.015
-0.097
0.079
0.084
-0.130
-0.026
-0.031
-0.035
-0.087
0.066
0.025
0.075
0.158
0.020
-0.088
0.067
0.067
-0.083
0.084
0.010
0.007
0.002
0.159
-0.015
0.045
-0.116
0.027
0.029
0.023
-0.023
-0.056
-0.079
0.015
-0.051
0.069
0.084
0.041
0.090
-0.069
-0.026
-0.021
0.066
-0.040
0.112
-0.008
0.044
-0.034
0.021
0.059
0.013
-0.030
-0.094
0.020
-0.056
0.021
0.075
0.154
0.004
-0.048
-0.026
0.077
0.040
0.176
-0.001
-0.066
-0.024
0.057
0.048
0.083
0.017
-0.154
-0.002
-0.057
0.046
0.038
-0.071
0.080
0.007
-0.038
-0.074
-0.045
0.109
-0.142
0.020
0.055
0.030
-0.049
0.035
-0.066
0.026
-0.062
-0.059
0.057
-0.002
-0.002
0.004
0.033
-0.185
0.034
0.093
-0.025
0.030
-0.037
0.028
-0.018
-0.076
-0.059
-0.055
0.131
-0.042
0.072
0.092
-0.153
0.016
0.020
0.029
0.093
-0.015
-0.014
-0.017
0.041
0.046
0.068
-0.011
0.035
-0.062
0.032
-0.117
-0.092
-0.012
-0.092
-0.078
0.002
-0.008
-0.042
-0.055
0.047
0.073
-0.049
0.027
0.076
-0.111
-0.060
0.064
-0.045
0.090
-0.006
0.049
-0.010
0.055
-0.018
0.078
-0.049
-0.047
0.015
0.058
0.123
0.020
0.094
-0.009
-0.049
-0.029
-0.050
-0.058
-0.054
0.000
-0.025
0.052
0.025
0.031
-0.035
0.019
-0.031
0.018
0.039
-0.068
0.036
0.016
0.039
0.072
-0.045
0.007
-0.033
0.068
-0.040
-0.010
0.014
-0.061
-0.006
-0.062
0.069
0.010
0.041
0.005
0.002
0.065
-0.014
0.017
0.087
0.007
0.033
-0.167
-0.015
-0.051
-0.155
0.006
-0.122
-0.079
-0.062
0.107
0.077
-0.028
0.070
-0.112
0.119
-0.086
0.092
-0.047
-0.053
0.070
-0.139
-0.010
0.038
-0.021
0.030
0.030
-0.005
-0.017
-0.091
0.032
-0.097
0.006
0.061
0.074
0.066
0.021
-0.054
0.022
-0.055
-0.042
0.097
-0.166
-0.029
-0.057
0.016
0.026
0.059
-0.003
-0.158
-0.002
0.024
0.097
0.053
0.083
0.040
-0.041
-0.072
-0.043
0.013
-0.067
0.023
0.062
-0.125
-0.014
0.070
0.007
-0.052
-0.001
-0.075
0.004
0.043
0.079
-0.076
-0.029
0.048
-0.014
-0.037
0.086
-0.028
0.111
0.224
-0.055
-0.046
-0.053
-0.052
0.017
-0.042
0.029
0.028
-0.047
0.023
0.001
0.014
0.057
-0.068
0.032
0.155
-0.041
-0.027
0.076
-0.094
0.031
-0.074
0.013
-0.070
0.024
0.013
-0.096
0.135
0.075
-0.017
0.089
0.009
0.094
0.126
0.055
-0.003
0.110
-0.026
-0.018
0.082
-0.023
-0.047
-0.039
-0.080
-0.027
0.105
0.108
-0.034
-0.045
0.133
-0.037
0.072
0.004
-0.008
-0.048
-0.103
-0.013
0.122
0.121
-0.122
-0.119
-0.023
-0.032
-0.116
0.098
0.011
0.009
-0.017
0.017
0.054
0.084
0.005
0.043
0.093
0.098
0.050
0.102
0.029
0.034
0.039
-0.050
0.113
0.030
-0.025
0.005
-0.005
-0.016
0.074
-0.089
0.067
-0.027
-0.057
0.062
0.007
-0.006
0.040
-0.064
-0.029
-0.031
-0.088
-0.154
0.053
-0.022
-0.053
-0.058
-0.010
0.033
-0.018
-0.079
0.034
0.137
0.057
-0.043
-0.055
-0.001
-0.021
0.053
-0.087
-0.066
-0.150
-0.004
-0.042
-0.002
0.005
-0.022
-0.023
-0.001
-0.085
-0.017
-0.019
0.008
0.043
0.015
-0.068
0.013
0.020
-0.030
0.009
-0.027
-0.081
-0.083
-0.007
0.041
-0.066
0.047
-0.016
-0.020
-0.068
0.062
0.008
0.059
0.053
0.023
-0.119
-0.058
0.008
0.074
-0.030
0.064
0.040
0.102
0.065
0.020
-0.008
-0.030
0.000
0.029
-0.020
0.161
0.011
0.053
-0.076
-0.017
-0.010
0.052
0.039
-0.080
-0.062
0.001
0.014
-0.042
-0.169
0.089
-0.052
-0.123
0.040
-0.029
-0.001
-0.100
0.073
0.005
-0.016
0.066
0.005
0.103
-0.004
0.068
0.023
-0.018
-0.009
0.042
0.008
-0.047
-0.026
-0.005
0.056
0.013
-0.065
0.090
0.055
-0.018
-0.022
0.025
0.084
0.006
0.132
-0.030
0.011
0.115
-0.031
-0.174
0.012
0.073
-0.139
0.089
-0.182
-0.042
0.059
0.020
-0.010
-0.057
0.010
-0.018
0.017
0.036
0.032
0.052
0.072
0.056
0.005
0.045
0.116
0.013
-0.029
-0.053
0.113
0.086
-0.033
-0.012
0.135
-0.034
0.054
-0.073
-0.029
0.089
0.043
0.002
-0.005
-0.014
0.036
0.017
-0.071
0.023
-0.028
-0.080
-0.069
0.104
-0.050
0.057
-0.064
0.053
-0.087
0.036
0.040
-0.064
0.041
-0.069
0.047
0.074
0.093
-0.061
-0.025
0.015
0.030
-0.013
0.065
0.019
-0.006
0.042
-0.137
0.048
0.016
-0.006
-0.066
-0.003
-0.003
0.144
0.085
-0.050
0.058
0.009
-0.028
-0.026
0.123
0.081
-0.010
0.037
0.144
0.038
0.039
0.086
-0.085
0.022
-0.022
-0.114
-0.032
0.048
-0.033
0.151
-0.016
-0.026
-0.038
0.052
-0.083
0.087
0.016
0.021
0.061
-0.035
0.013
-0.034
-0.092
-0.018
0.021
-0.069
-0.063
-0.036
-0.024
0.063
0.063
-0.053
0.023
-0.005
-0.063
0.114
-0.011
-0.038
-0.137
-0.014
-0.003
-0.011
0.059
0.044
0.015
-0.098
0.031
-0.072
0.104
0.032
-0.102
-0.027
-0.106
0.020
-0.043
0.093
0.048
-0.005
-0.011
-0.058
-0.069
-0.034
0.046
-0.143
0.024
0.026
-0.135
-0.002
0.005
-0.043
-0.032
0.075
0.044
-0.096
-0.005
-0.023
0.006
0.175
0.015
0.014
-0.027
0.023
-0.003
0.102
-0.066
0.025
-0.043
0.078
-0.062
-0.017
-0.035
0.077
0.011
-0.105
0.007
0.072
0.088
-0.108
-0.029
-0.054
-0.027
-0.088
-0.007
-0.010
0.018
0.030
0.003
0.086
0.066
-0.050
-0.049
0.081
-0.091
0.115
-0.087
0.049
-0.021
0.012
-0.180
-0.169
-0.093
0.110
0.050
0.134
-0.069
-0.007
-0.091
0.101
-0.028
-0.073
0.080
0.086
0.070
-0.008
-0.045
0.022
0.023
-0.009
0.072
0.008
-0.102
0.080
0.038
-0.058
0.030
-0.104
0.033
0.090
-0.032
0.035
-0.003
-0.022
-0.041
-0.040
0.002
0.071
-0.096
-0.049
0.055
0.063
0.007
0.094
-0.067
0.039
-0.121
-0.057
-0.010
0.045
0.005
-0.043
0.067
0.038
0.027
0.002
-0.081
0.127
-0.091
-0.037
-0.135
-0.108
-0.022
-0.040
-0.103
-0.078
0.028
0.022
0.061
0.071
0.060
-0.012
0.010
0.082
0.018
0.010
0.020
-0.000
0.058
-0.033
-0.015
0.001
0.046
0.093
-0.079
0.038
-0.077
-0.126
0.074
0.049
0.013
0.013
-0.043
-0.079
0.028
-0.051
-0.016
0.031
0.059
0.052
-0.017
-0.025
-0.096
-0.045
-0.004
-0.023
0.037
0.046
0.098
0.032
0.028
-0.093
-0.009
0.115
-0.018
-0.006
-0.072
0.058
0.023
0.008
0.059
-0.011
-0.015
0.051
0.046
0.008
0.076
-0.083
-0.048
0.049
0.057
0.070
-0.105
-0.025
0.038
0.068
-0.105
0.078
-0.052
0.111
0.006
-0.069
0.100
-0.143
0.040
0.066
-0.066
-0.128
-0.028
-0.104
0.031
0.013
-0.073
-0.120
0.018
-0.071
0.022
0.060
-0.040
-0.055
-0.034
-0.146
-0.029
-0.020
0.031
0.023
-0.024
-0.085
-0.057
-0.075
-0.013
0.026
0.052
-0.035
0.036
0.033
-0.031
0.092
0.065
0.076
-0.069
0.011
-0.025
-0.007
0.031
0.076
-0.121
0.097
0.025
-0.052
-0.052
-0.005
0.030
0.029
0.040
0.086
0.064
-0.020
-0.018
-0.018
0.048
-0.087
0.021
0.084
-0.054
0.089
0.111
0.062
-0.090
0.001
-0.093
0.008
-0.004
-0.107
0.046
0.015
0.038
-0.049
0.039
0.028
0.040
0.009
0.004
0.025
0.016
-0.071
-0.009
-0.030
0.026
-0.124
0.074
0.043
-0.081
-0.021
0.001
-0.083
-0.070
0.001
0.127
0.046
-0.018
0.103
0.037
-0.001
0.121
-0.025
0.032
0.046
0.111
-0.040
-0.003
-0.048
0.002
0.074
0.056
0.006
0.020
0.090
0.079
0.049
0.064
0.001
0.108
-0.009
-0.098
-0.014
-0.008
-0.039
-0.123
0.021
-0.090
0.017
-0.004
-0.033
-0.037
0.106
0.056
-0.052
0.057
0.063
0.036
-0.003
0.032
-0.098
-0.025
0.145
-0.074
0.142
0.066
0.060
0.049
0.117
0.087
0.096
-0.032
-0.010
-0.012
-0.024
0.042
-0.068
-0.047
0.021
-0.012
0.095
-0.126
-0.100
0.011
0.049
-0.016
0.004
-0.059
0.031
0.024
0.015
0.014
0.051
0.090
-0.074
-0.002
-0.084
-0.103
0.036
0.006
0.130
0.006
-0.084
-0.050
-0.052
-0.015
0.120
0.027
0.057
0.012
0.034
0.083
-0.037
-0.003
-0.060
-0.099
0.096
0.049
-0.032
-0.048
0.091
-0.137
-0.036
0.047
0.064
0.003
-0.034
-0.002
0.004
-0.047
0.014
0.093
-0.154
-0.018
-0.033
0.084
0.022
-0.041
-0.007
-0.038
0.037
0.013
-0.034
-0.027
0.010
0.156
-0.024
-0.015
-0.011
-0.166
0.041
0.058
0.099
0.109
0.047
0.020
0.063
0.034
0.029
-0.031
-0.062
0.054
-0.012
-0.046
-0.104
-0.055
-0.040
-0.007
-0.076
-0.097
0.054
-0.047
-0.113
-0.042
-0.010
0.024
0.011
-0.051
0.088
-0.036
-0.082
0.049
0.029
0.074
0.027
0.020
-0.121
-0.021
-0.083
0.058
-0.125
0.057
-0.013
-0.099
-0.090
0.083
-0.012
-0.069
0.030
0.012
-0.002
0.072
-0.055
0.081
-0.001
-0.031
-0.003
-0.092
0.036
-0.082
0.078
-0.134
0.003
0.087
0.101
-0.014
-0.095
-0.044
-0.016
0.074
-0.046
0.030
-0.014
-0.005
-0.020
-0.025
-0.080
-0.057
-0.069
-0.044
0.008
0.022
0.028
-0.105
-0.038
-0.017
-0.029
-0.007
0.064
-0.048
0.183
-0.056
0.079
-0.006
-0.120
0.137
0.108
0.015
-0.040
-0.006
0.064
0.055
0.032
0.054
-0.018
-0.021
0.046
0.061
0.059
-0.030
-0.019
0.063
-0.087
-0.022
-0.007
0.100
-0.086
-0.037
-0.040
-0.016
0.002
-0.110
-0.056
-0.004
0.020
-0.147
-0.089
-0.028
0.064
0.090
-0.025
-0.051
-0.119
-0.075
-0.052
0.030
0.045
0.014
0.112
-0.017
-0.065
0.086
-0.073
0.094
0.001
0.037
0.019
0.004
0.016
-0.092
-0.126
0.042
-0.030
-0.002
-0.046
-0.025
0.085
0.010
0.028
-0.103
0.031
0.048
0.004
-0.052
-0.070
0.079
-0.057
-0.076
0.008
0.027
0.051
0.003
-0.011
0.087
0.020
-0.027
-0.117
-0.041
0.065
-0.002
-0.012
-0.057
-0.030
0.016
-0.013
-0.101
-0.025
0.043
0.001
-0.077
-0.002
0.012
-0.029
-0.065
-0.076
-0.031
0.001
0.008
0.115
0.020
-0.074
-0.034
0.001
-0.095
0.094
0.021
-0.080
0.013
-0.168
-0.032
0.092
-0.098
-0.026
0.047
0.146
0.016
0.064
-0.040
-0.098
-0.069
0.108
0.090
0.025
-0.059
-0.045
0.021
0.023
0.080
0.008
0.013
-0.148
-0.109
0.100
0.018
0.065
-0.057
-0.094
0.040
0.015
0.035
-0.121
-0.051
0.021
0.092
0.019
0.015
-0.145
-0.069
-0.019
0.066
-0.065
0.107
0.009
0.083
0.013
0.034
-0.078
0.065
-0.042
-0.024
0.031
0.118
-0.087
-0.223
0.079
0.024
-0.012
0.101
-0.053
0.054
-0.044
-0.033
0.032
0.140
-0.024
0.025
0.016
0.016
0.013
-0.040
-0.036
-0.045
-0.075
-0.013
0.026
0.053
0.124
-0.037
-0.047
0.016
-0.152
-0.061
-0.041
-0.115
-0.046
-0.054
0.086
-0.069
-0.008
0.047
0.022
0.000
0.118
-0.050
0.079
0.056
0.048
-0.028
0.075
-0.060
-0.008
0.023
0.080
0.065
0.021
-0.054
-0.053
0.040
0.061
-0.025
0.079
-0.047
-0.003
-0.074
0.078
-0.109
-0.043
0.012
-0.083
0.094
-0.096
0.022
-0.039
0.037
-0.026
-0.054
-0.000
0.073
0.102
0.061
-0.034
0.004
0.048
-0.014
-0.021
-0.056
0.037
0.020
-0.019
-0.028
0.111
-0.014
-0.084
-0.011
-0.085
0.034
-0.023
0.000
-0.055
0.053
0.099
0.027
0.043
0.051
0.040
-0.029
0.001
0.053
-0.044
-0.048
0.038
0.060
-0.044
-0.064
0.015
-0.188
-0.058
0.118
0.053
0.042
0.004
0.061
-0.036
0.128
0.017
0.069
0.027
-0.033
0.014
-0.042
-0.117
-0.106
-0.076
0.095
0.057
-0.045
0.074
0.060
0.051
0.019
0.072
0.009
-0.026
0.109
0.066
-0.052
0.138
-0.057
0.056
0.061
-0.012
-0.077
0.052
0.042
0.064
-0.031
0.018
-0.009
-0.034
-0.015
0.087
0.008
-0.154
0.045
-0.007
-0.045
-0.067
0.056
0.015
-0.072
-0.085
0.143
0.027
0.073
0.082
0.007
-0.006
0.059
-0.043
0.033
-0.013
0.005
-0.012
0.046
-0.039
-0.056
0.012
-0.016
-0.071
-0.013
0.038
0.003
-0.028
0.007
0.007
-0.021
0.087
-0.069
0.141
0.106
-0.037
0.093
0.027
-0.011
-0.078
-0.034
-0.026
-0.128
0.011
-0.066
-0.008
-0.019
0.049
-0.005
-0.056
0.066
-0.019
0.012
0.027
-0.013
0.026
-0.063
-0.023
0.011
-0.006
-0.098
0.080
-0.064
-0.041
0.134
-0.085
-0.064
0.086
-0.037
0.060
0.009
0.097
0.094
-0.049
-0.015
0.047
-0.011
0.018
-0.026
-0.021
0.077
0.034
0.049
0.029
-0.019
0.019
0.124
-0.015
0.073
-0.008
0.023
-0.119
-0.004
-0.099
0.084
0.078
0.069
0.053
-0.026
-0.006
0.017
-0.091
-0.036
0.086
0.038
0.067
-0.024
0.079
0.049
-0.016
0.007
-0.027
-0.022
0.028
0.045
0.047
-0.117
-0.094
0.024
0.005
-0.019
-0.011
0.004
-0.106
0.002
-0.083
0.000
-0.148
0.095
0.021
-0.002
-0.055
0.072
-0.061
0.015
-0.042
0.023
0.000
0.058
0.011
0.058
-0.005
0.076
0.013
0.078
-0.155
-0.073
0.024
0.072
0.029
-0.033
0.069
-0.167
-0.015
0.050
0.059
0.067
-0.009
0.037
0.064
0.067
-0.104
-0.076
-0.019
0.003
0.094
-0.153
0.043
-0.099
-0.094
-0.032
0.051
0.093
-0.012
0.046
-0.004
-0.055
-0.016
-0.131
-0.021
-0.016
0.044
0.048
-0.004
-0.008
0.082
0.045
-0.072
0.031
-0.043
0.025
0.064
-0.109
0.072
-0.071
-0.010
-0.087
-0.052
-0.015
0.135
-0.005
0.158
0.202
0.072
0.090
-0.002
0.085
0.049
-0.022
-0.033
0.068
0.092
0.033
0.013
-0.064
0.028
0.135
0.033
0.071
0.027
-0.000
-0.022
0.015
-0.103
0.008
0.037
0.011
-0.010
-0.093
0.047
-0.144
0.037
0.033
-0.032
-0.023
0.080
0.040
-0.062
-0.064
-0.063
0.009
0.076
-0.044
0.064
-0.003
0.117
0.012
-0.052
-0.009
-0.047
-0.099
-0.083
0.052
0.016
-0.023
0.002
0.090
-0.072
0.125
-0.070
0.042
0.056
-0.001
0.037
0.074
0.029
0.061
0.030
-0.041
-0.019
0.067
0.120
-0.069
0.081
-0.057
0.050
0.047
-0.112
0.088
0.052
-0.059
0.047
-0.138
-0.031
-0.077
0.039
0.017
0.034
-0.025
-0.052
0.041
-0.042
-0.009
0.060
0.018
-0.054
0.009
0.019
0.090
0.070
-0.094
0.027
0.074
-0.055
0.099
-0.008
-0.134
-0.053
0.019
0.122
-0.031
0.097
0.081
-0.003
0.037
0.015
0.085
0.077
0.004
0.066
-0.186
0.091
-0.002
0.066
-0.031
-0.092
0.031
-0.031
-0.003
-0.054
0.001
-0.063
-0.035
0.028
0.040
-0.096
-0.223
0.043
0.092
-0.092
-0.042
0.004
-0.051
0.010
-0.032
0.090
-0.002
0.015
0.013
0.024
-0.068
0.143
-0.023
-0.047
-0.067
-0.032
-0.045
0.048
-0.022
0.061
-0.043
-0.024
0.071
0.045
0.122
0.119
-0.068
-0.052
-0.089
-0.057
-0.006
-0.043
-0.013
-0.062
0.018
-0.007
0.057
0.069
-0.025
-0.066
-0.106
-0.016
0.122
-0.018
0.018
-0.139
-0.007
-0.032
-0.024
-0.160
-0.038
-0.151
0.062
0.045
0.056
0.051
0.124
-0.084
-0.095
0.044
-0.052
0.052
0.016
-0.036
-0.022
-0.050
0.105
-0.110
0.029
-0.006
-0.025
0.007
0.149
-0.107
-0.031
-0.086
-0.038
-0.044
-0.049
0.012
-0.014
-0.020
0.061
-0.041
-0.043
-0.008
-0.014
0.089
-0.072
0.032
-0.021
-0.009
-0.012
0.040
-0.030
0.078
-0.085
-0.113
0.060
0.093
-0.039
0.075
-0.084
0.088
-0.062
-0.003
-0.085
-0.036
-0.022
-0.213
-0.011
-0.053
0.017
-0.119
-0.106
0.014
0.061
-0.003
0.018
-0.016
-0.034
-0.023
0.012
-0.049
0.078
-0.012
-0.058
-0.033
0.035
-0.047
-0.020
-0.058
-0.107
0.011
0.007
-0.023
0.057
0.034
-0.034
0.028
0.017
-0.060
0.001
-0.010
0.024
-0.088
0.051
-0.179
0.046
0.076
0.054
0.035
0.113
0.038
0.043
-0.022
0.123
0.119
-0.001
-0.101
-0.042
0.037
0.018
-0.093
0.007
-0.049
0.038
0.066
-0.076
0.070
-0.018
-0.031
-0.015
0.014
0.021
-0.060
0.080
-0.067
-0.052
0.049
0.026
-0.008
-0.044
-0.022
-0.007
0.071
-0.016
0.040
-0.009
-0.064
0.009
0.043
-0.031
-0.028
-0.003
0.031
-0.018
0.008
-0.040
0.020
-0.041
0.032
-0.071
-0.022
-0.033
-0.047
-0.095
-0.066
0.009
0.049
0.080
0.017
-0.037
0.121
-0.094
-0.072
0.061
-0.004
0.024
0.011
0.104
-0.012
0.016
-0.065
0.008
0.043
0.034
0.065
-0.000
0.007
0.052
0.153
0.014
0.087
-0.055
0.055
0.050
-0.020
0.024
-0.035
-0.030
0.042
0.076
-0.006
0.036
0.012
0.092
-0.044
-0.042
-0.004
0.065
-0.105
0.123
-0.095
0.007
0.038
0.037
-0.002
-0.061
-0.075
0.088
-0.043
-0.063
0.072
0.013
0.020
-0.003
0.020
-0.063
0.087
0.034
-0.007
-0.078
-0.082
0.076
0.016
0.075
0.028
-0.035
-0.011
0.035
0.043
-0.022
-0.006
0.016
-0.029
-0.004
-0.021
0.057
-0.019
-0.005
0.001
0.004
0.014
-0.013
-0.078
-0.048
-0.112
-0.048
0.020
-0.033
-0.015
-0.073
-0.120
0.079
0.029
-0.025
-0.002
0.004
-0.062
0.001
0.020
0.012
0.001
-0.033
-0.088
-0.006
0.134
0.030
-0.076
-0.037
-0.033
-0.126
-0.035
-0.045
-0.033
-0.111
-0.065
-0.039
-0.063
0.022
-0.062
-0.089
-0.018
0.062
-0.098
-0.043
0.092
0.021
0.026
0.016
0.131
-0.037
0.005
-0.030
-0.044
0.025
0.016
0.073
0.005
0.092
-0.078
0.002
0.050
0.076
0.037
0.009
-0.060
0.030
-0.197
-0.083
-0.022
-0.120
-0.098
-0.029
-0.026
0.010
-0.017
-0.050
-0.087
0.114
0.069
-0.055
0.047
0.065
-0.044
0.024
-0.026
-0.109
0.020
0.034
-0.038
0.076
0.071
0.064
-0.038
-0.023
-0.122
0.128
0.073
0.011
-0.119
-0.014
-0.009
-0.186
0.058
-0.063
0.022
-0.021
-0.120
-0.038
0.006
0.007
-0.000
0.094
-0.119
-0.043
-0.013
-0.031
0.048
0.028
-0.002
-0.136
-0.043
-0.015
0.117
-0.061
-0.152
0.087
-0.010
-0.003
-0.063
-0.078
-0.062
0.035
0.017
0.037
0.148
-0.013
0.113
-0.044
0.068
-0.018
0.062
-0.047
-0.078
0.060
-0.072
0.011
-0.067
0.066
-0.065
0.010
-0.064
0.021
0.016
0.020
0.037
0.039
0.012
0.033
0.015
-0.005
-0.021
-0.054
-0.047
-0.067
0.106
0.018
0.037
0.000
-0.036
0.082
0.058
-0.071
-0.064
-0.034
-0.110
-0.089
0.025
-0.065
0.011
0.048
0.014
-0.040
0.000
0.085
-0.006
0.022
0.085
0.039
-0.113
-0.004
0.024
0.085
-0.066
-0.014
0.007
0.065
0.001
-0.068
0.032
-0.026
-0.046
0.102
-0.022
-0.047
-0.118
-0.004
-0.000
-0.042
-0.026
-0.103
-0.005
-0.034
-0.014
0.152
-0.093
0.047
-0.019
0.029
0.049
-0.094
-0.061
0.010
0.042
0.044
0.064
-0.036
0.045
0.028
0.084
-0.016
0.136
-0.061
-0.043
-0.025
0.017
0.056
-0.140
0.013
0.020
-0.096
-0.006
0.116
0.016
-0.014
0.082
-0.004
0.105
-0.137
0.090
0.106
-0.001
0.060
0.066
0.045
-0.133
-0.065
0.076
0.058
-0.025
0.017
0.037
-0.010
-0.035
-0.099
-0.017
-0.011
-0.014
0.112
0.136
-0.001
-0.049
0.035
-0.067
-0.022
-0.071
0.073
0.036
-0.031
-0.051
0.125
0.034
0.095
0.033
-0.076
-0.009
0.195
0.105
0.027
0.004
-0.040
-0.062
-0.137
-0.041
0.134
0.076
-0.031
-0.028
0.106
0.105
-0.015
-0.073
-0.075
-0.043
-0.019
0.000
0.001
-0.052
-0.011
-0.064
0.054
0.013
-0.023
0.029
-0.085
0.053
-0.034
-0.099
-0.083
0.027
0.036
-0.058
0.080
-0.028
-0.039
0.036
-0.027
-0.076
0.135
-0.005
0.007
0.003
-0.059
-0.037
-0.014
-0.028
0.027
-0.040
-0.016
0.001
-0.015
-0.009
0.038
0.008
-0.123
0.034
0.052
0.003
-0.133
0.022
-0.027
0.004
-0.030
0.035
-0.035
0.071
-0.067
0.062
0.084
0.055
0.066
-0.003
-0.060
0.059
0.007
-0.031
0.068
0.007
-0.107
0.035
0.099
-0.060
-0.008
0.053
-0.105
-0.028
0.015
-0.040
-0.042
-0.038
0.031
0.073
0.059
0.070
-0.093
-0.029
-0.042
-0.090
0.157
-0.084
0.031
0.026
-0.016
-0.003
0.052
0.103
0.070
-0.106
0.050
0.094
-0.047
0.106
0.050
-0.076
-0.007
-0.020
0.025
-0.010
0.002
0.062
0.013
0.017
0.012
-0.008
-0.049
0.149
-0.006
-0.054
0.110
-0.079
0.000
-0.033
0.028
0.026
0.078
-0.067
-0.025
0.070
-0.075
0.045
0.004
0.059
-0.019
0.024
0.072
-0.025
0.012
0.046
-0.003
0.032
-0.109
-0.010
-0.017
-0.103
-0.011
-0.038
0.055
-0.007
0.054
0.041
-0.052
0.091
0.090
0.039
0.059
0.030
0.032
-0.041
-0.010
0.052
-0.006
-0.053
-0.060
0.056
-0.045
0.047
-0.002
0.021
0.065
-0.060
0.009
-0.086
-0.052
-0.003
0.041
-0.088
0.010
0.068
-0.118
-0.011
-0.118
-0.015
0.056
-0.076
0.060
0.008
0.050
-0.026
-0.020
-0.000
-0.005
-0.019
-0.053
0.169
-0.007
-0.113
0.035
0.079
-0.116
-0.013
-0.118
0.069
0.009
-0.066
-0.099
0.078
0.066
-0.037
-0.024
0.051
-0.018
-0.048
-0.037
-0.001
0.031
0.076
-0.043
0.019
-0.099
-0.155
-0.027
0.155
0.022
-0.008
0.082
0.021
0.031
0.050
-0.071
-0.129
0.036
-0.074
0.054
0.017
0.084
0.044
0.113
-0.033
0.121
0.041
-0.001
-0.027
0.008
0.040
0.047
0.036
0.092
-0.017
-0.140
0.049
-0.067
0.032
0.032
-0.049
0.007
0.061
0.045
-0.014
-0.002
0.127
-0.008
-0.062
-0.020
0.005
0.010
0.060
0.090
-0.007
0.063
0.005
0.041
0.004
-0.038
-0.066
0.012
0.019
0.025
-0.030
0.021
0.089
-0.050
-0.062
0.095
-0.088
0.012
0.002
0.027
-0.071
-0.060
-0.075
-0.050
-0.008
0.022
0.050
0.074
0.012
0.038
0.002
0.084
-0.125
0.020
-0.128
-0.025
-0.031
-0.069
-0.105
0.012
0.037
-0.033
0.118
0.001
-0.045
-0.030
0.056
0.048
-0.110
0.015
-0.039
0.041
-0.087
-0.123
0.062
-0.116
-0.063
0.044
-0.010
0.079
-0.053
-0.080
-0.037
0.006
0.069
-0.024
-0.024
0.013
-0.032
-0.063
0.008
0.040
0.047
-0.005
0.032
0.078
-0.141
-0.034
-0.043
0.010
0.001
-0.012
-0.063
-0.077
-0.084
0.010
-0.006
0.029
-0.031
0.007
-0.044
0.022
-0.037
0.015
0.005
-0.137
0.010
0.094
0.064
-0.061
-0.027
-0.129
-0.032
0.066
0.002
0.088
-0.003
0.010
-0.127
0.030
0.020
-0.036
-0.034
0.018
-0.003
0.043
0.063
-0.063
0.047
-0.050
-0.028
-0.063
0.018
-0.052
0.029
-0.041
0.022
-0.030
-0.016
-0.032
-0.029
0.049
-0.030
0.050
0.116
0.017
-0.112
-0.099
0.031
-0.056
0.041
0.078
-0.181
0.023
-0.032
-0.124
-0.049
0.009
-0.073
-0.110
-0.017
0.090
-0.111
0.094
-0.022
-0.066
0.076
-0.021
-0.039
0.056
0.032
-0.080
-0.107
0.063
0.036
0.128
-0.066
0.160
-0.118
-0.014
-0.048
0.053
0.146
0.070
0.037
-0.039
-0.060
0.028
0.011
-0.054
0.036
-0.002
-0.034
0.021
-0.005
0.033
-0.024
-0.126
-0.117
0.032
-0.027
-0.036
0.014
0.055
0.047
-0.076
-0.112
-0.056
0.013
-0.015
-0.019
-0.035
-0.107
-0.052
-0.017
-0.023
-0.061
0.008
-0.080
-0.052
-0.069
-0.027
-0.076
0.060
0.078
0.088
-0.107
-0.056
-0.083
-0.042
-0.077
0.031
0.043
0.000
0.003
0.018
0.008
0.027
0.075
0.003
-0.077
-0.121
0.110
-0.048
0.058
-0.048
-0.012
0.103
-0.102
-0.024
0.027
-0.083
-0.031
-0.032
-0.023
0.103
-0.035
-0.054
-0.025
-0.021
0.077
-0.037
0.082
0.018
0.025
-0.067
0.001
0.009
0.016
0.015
0.017
0.075
0.062
-0.013
0.039
0.099
-0.053
0.016
0.019
-0.004
0.031
-0.083
-0.008
-0.043
0.031
0.033
0.054
-0.081
-0.073
-0.154
-0.006
0.049
0.012
-0.083
-0.093
-0.032
-0.031
0.082
-0.117
0.023
-0.004
-0.082
0.029
0.185
-0.099
-0.010
-0.145
-0.047
-0.033
-0.019
-0.025
0.021
-0.131
0.029
0.024
0.026
0.019
0.048
0.076
-0.121
0.030
-0.082
-0.043
-0.071
-0.022
0.099
-0.014
0.059
-0.034
0.014
-0.047
0.090
-0.017
0.022
0.059
0.125
-0.051
0.119
-0.084
-0.035
0.011
-0.001
0.064
0.065
-0.036
-0.044
-0.031
0.037
0.033
0.120
-0.071
-0.020
0.010
-0.030
0.027
-0.070
0.103
0.023
0.076
-0.035
0.078
0.086
0.032
-0.020
0.058
-0.067
0.006
-0.007
-0.120
0.034
0.090
0.042
-0.011
-0.006
-0.033
0.043
-0.046
0.051
0.055
-0.005
0.024
0.087
-0.033
0.034
-0.036
0.077
-0.051
0.012
0.016
0.123
-0.035
0.001
0.134
0.061
-0.074
-0.052
0.034
0.064
-0.100
0.003
-0.033
0.006
-0.015
-0.066
0.067
-0.055
-0.046
-0.112
0.043
-0.156
0.009
0.016
-0.040
-0.078
0.101
-0.012
0.099
0.020
0.057
-0.053
0.020
-0.061
0.063
0.048
-0.006
-0.021
0.015
-0.031
0.066
-0.115
-0.022
0.048
-0.021
0.039
0.123
-0.002
0.033
0.044
-0.015
0.046
0.056
0.018
-0.051
-0.020
-0.148
0.072
0.013
-0.063
0.033
0.003
0.010
-0.015
-0.033
-0.035
0.139
-0.021
0.060
0.100
-0.129
0.102
0.009
0.194
0.032
-0.043
0.024
0.012
-0.032
0.117
0.003
-0.024
-0.027
-0.015
-0.003
0.071
0.024
0.043
0.077
-0.111
0.155
0.035
-0.004
-0.026
0.112
-0.062
0.030
0.086
-0.122
-0.028
-0.005
0.124
-0.014
0.089
0.004
0.053
0.090
0.049
-0.001
-0.042
0.016
0.040
0.011
0.029
-0.049
-0.008
-0.049
0.052
-0.055
-0.191
0.148
0.046
-0.069
-0.084
-0.002
-0.073
-0.105
-0.001
0.071
-0.055
-0.072
0.084
0.018
0.053
0.000
0.034
-0.016
-0.098
-0.072
0.100
-0.131
0.070
0.016
-0.106
-0.012
0.056
-0.009
-0.074
-0.025
0.068
0.051
-0.082
0.003
0.008
-0.081
0.026
-0.104
0.043
-0.057
-0.116
0.036
-0.049
0.057
-0.032
0.023
0.153
-0.080
-0.021
0.035
-0.030
0.087
-0.002
0.023
-0.010
-0.001
0.129
0.118
-0.073
-0.021
-0.001
0.024
-0.005
-0.072
0.002
-0.105
0.050
-0.070
-0.034
0.104
-0.066
-0.015
-0.060
0.007
0.004
0.062
-0.018
-0.067
0.060
0.025
-0.103
-0.001
-0.090
0.005
-0.028
0.058
-0.075
0.017
0.008
-0.082
0.001
-0.004
-0.056
0.049
-0.003
-0.009
0.132
0.070
-0.081
0.023
-0.026
-0.052
0.040
-0.007
-0.099
0.101
0.035
0.028
-0.027
-0.047
-0.047
0.065
0.060
-0.029
-0.049
-0.061
-0.073
0.028
-0.018
0.077
-0.041
-0.188
-0.057
-0.001
-0.057
0.091
0.165
0.073
0.040
-0.203
0.044
0.058
0.041
-0.168
0.061
0.089
-0.009
-0.002
0.031
-0.057
-0.108
0.126
-0.029
-0.070
-0.089
-0.078
-0.031
0.031
0.018
0.009
0.047
-0.076
0.036
-0.035
0.095
-0.002
0.006
0.060
-0.016
-0.011
0.056
0.107
-0.019
0.091
0.102
0.007
-0.133
0.097
-0.051
0.067
0.051
0.044
-0.070
0.021
0.026
-0.026
0.045
0.000
0.134
0.063
-0.124
-0.061
0.019
-0.039
-0.045
0.042
-0.057
-0.111
0.065
-0.154
0.087
0.043
0.034
0.043
0.011
0.038
0.055
0.086
-0.055
0.017
0.015
-0.099
-0.018
0.110
0.055
0.044
0.029
0.071
0.021
0.017
0.005
0.058
-0.065
0.018
0.002
0.099
0.045
0.109
0.115
-0.023
-0.071
-0.021
0.034
0.006
-0.005
0.060
0.006
-0.096
-0.023
-0.039
-0.111
-0.080
-0.048
0.022
0.033
-0.077
0.021
0.059
-0.036
-0.043
0.010
-0.012
-0.058
0.058
0.049
-0.093
0.044
-0.036
-0.021
0.061
-0.026
0.002
-0.096
0.052
0.123
-0.073
-0.005
0.035
0.096
0.002
0.125
0.015
-0.036
0.045
-0.038
0.039
-0.046
-0.097
0.036
0.100
0.055
0.030
-0.106
0.052
-0.008
0.116
0.022
0.001
0.012
-0.109
-0.053
0.075
0.004
0.125
-0.057
0.090
0.022
0.057
0.003
0.068
0.051
0.025
0.031
0.015
0.129
0.064
0.035
-0.001
0.025
0.002
-0.035
0.041
-0.110
-0.054
-0.102
0.091
-0.099
0.055
0.007
0.056
-0.092
0.003
0.020
0.022
-0.034
0.049
-0.020
0.021
0.029
-0.156
0.111
-0.081
0.050
0.026
0.032
-0.093
-0.077
0.079
0.011
0.024
0.031
0.020
0.115
-0.069
-0.061
0.036
-0.061
-0.094
0.015
0.048
0.068
-0.030
-0.041
-0.045
0.042
0.025
-0.051
0.038
0.048
-0.007
-0.086
-0.035
0.078
-0.009
-0.028
0.016
-0.019
-0.087
0.061
0.086
0.008
-0.025
0.049
0.047
0.075
-0.007
-0.092
-0.059
0.025
0.037
-0.023
-0.066
0.045
0.041
-0.051
0.144
-0.005
0.027
-0.008
0.000
0.011
0.031
0.002
0.034
-0.069
0.047
0.151
-0.006
-0.024
0.021
0.085
-0.085
-0.028
-0.052
0.144
0.072
0.061
0.132
0.003
-0.069
-0.110
0.018
-0.013
-0.072
0.000
0.058
-0.047
0.001
-0.054
-0.039
-0.014
0.108
-0.046
0.132
0.020
0.082
0.037
-0.026
0.054
0.032
-0.037
0.022
-0.088
0.048
0.065
0.003
0.062
-0.082
0.074
-0.002
0.022
0.024
-0.050
-0.168
0.041
0.067
-0.042
0.031
-0.028
0.019
-0.056
0.000
-0.028
-0.038
-0.031
0.095
0.063
-0.061
-0.007
-0.024
0.068
0.056
-0.101
0.029
0.100
0.063
0.134
0.098
0.004
0.084
-0.198
-0.047
0.059
-0.034
0.072
-0.087
0.010
0.047
-0.118
0.119
-0.092
0.019
-0.067
-0.043
-0.019
0.045
-0.060
-0.034
0.015
-0.049
-0.041
-0.046
0.044
-0.023
-0.096
-0.127
0.036
0.016
0.046
0.038
0.149
-0.019
0.023
-0.196
0.019
-0.081
0.042
0.036
0.050
-0.056
-0.038
-0.008
-0.096
0.019
0.010
-0.046
-0.106
0.045
-0.005
0.021
-0.035
-0.054
0.037
0.071
-0.021
0.009
-0.121
0.018
-0.056
-0.060
-0.072
-0.011
-0.019
0.005
0.019
0.014
-0.023
-0.023
-0.036
-0.052
-0.059
0.106
-0.021
0.101
-0.064
-0.036
0.068
-0.063
0.072
-0.002
0.086
0.027
0.001
0.004
-0.030
0.023
-0.034
-0.027
0.115
0.120
-0.102
0.003
0.112
0.100
-0.138
-0.057
0.032
0.018
-0.015
-0.138
-0.026
-0.066
-0.073
0.005
0.046
-0.046
0.031
-0.069
-0.000
-0.003
0.072
0.130
0.020
0.140
-0.077
-0.007
0.031
0.003
-0.040
-0.019
-0.009
-0.089
-0.025
0.009
-0.022
-0.010
-0.062
0.086
0.112
-0.077
0.083
0.041
0.019
0.051
-0.001
0.031
0.017
0.015
-0.029
-0.018
0.081
-0.034
-0.024
0.011
-0.030
0.038
0.119
-0.040
-0.041
-0.001
-0.013
-0.032
0.040
0.019
0.110
0.000
-0.088
-0.056
-0.151
-0.009
-0.060
-0.095
-0.199
-0.055
0.075
0.099
0.034
0.042
-0.020
0.012
0.079
0.007
0.083
0.066
-0.092
-0.110
0.042
0.017
-0.092
0.018
0.008
-0.036
0.057
-0.054
-0.004
0.012
0.038
0.016
-0.017
0.059
-0.139
0.124
0.042
-0.112
-0.018
0.003
0.053
0.060
0.020
-0.065
0.005
-0.000
0.097
-0.024
0.076
0.044
-0.033
0.068
0.101
-0.034
-0.125
-0.023
-0.003
0.007
0.073
-0.046
-0.119
0.072
0.003
0.039
-0.017
0.100
0.004
0.090
-0.001
0.035
0.018
-0.060
-0.074
0.083
-0.096
-0.070
-0.058
0.016
-0.049
0.117
0.059
0.086
-0.126
-0.110
-0.007
-0.123
0.062
-0.069
-0.036
0.096
-0.044
0.081
-0.017
-0.129
-0.074
0.045
-0.054
0.089
0.077
0.097
0.014
-0.063
0.044
0.001
0.017
-0.074
-0.022
-0.079
0.100
-0.093
-0.058
0.014
0.131
-0.008
0.021
0.060
0.046
0.021
0.001
0.059
-0.056
0.149
0.121
-0.081
-0.007
-0.001
0.084
0.103
-0.003
0.064
-0.125
0.101
-0.020
0.092
-0.004
0.099
0.048
0.081
-0.141
0.031
0.033
-0.012
0.005
-0.046
0.044
0.021
0.025
0.006
0.140
-0.029
-0.157
0.071
0.038
-0.006
-0.004
-0.021
-0.044
-0.011
-0.021
-0.000
0.004
0.093
0.040
-0.146
0.018
-0.046
0.098
-0.011
-0.013
-0.075
-0.003
0.105
-0.022
0.048
-0.104
-0.039
0.085
0.132
0.163
0.110
0.036
-0.045
-0.094
0.089
-0.038
0.085
0.040
-0.111
0.086
0.008
-0.014
-0.005
0.049
-0.082
0.051
-0.015
0.029
0.051
-0.055
-0.020
-0.081
0.047
-0.103
-0.080
0.097
-0.078
0.067
-0.045
0.091
0.012
-0.029
0.073
-0.015
-0.029
-0.005
0.011
0.033
-0.040
0.084
0.090
0.078
-0.034
-0.016
0.064
0.015
0.009
-0.020
-0.072
0.049
-0.005
0.055
0.003
0.032
-0.059
0.092
0.051
-0.096
-0.045
-0.020
0.004
-0.014
0.019
0.106
-0.096
0.010
0.004
-0.073
0.033
-0.027
0.049
-0.055
-0.070
0.046
0.092
-0.009
0.011
0.077
0.000
0.008
0.004
-0.029
0.065
0.006
-0.047
-0.061
-0.031
-0.025
0.017
0.062
0.022
-0.004
-0.071
0.018
-0.043
-0.065
0.012
0.095
-0.030
0.037
-0.014
-0.112
0.052
0.002
0.050
0.031
0.026
-0.012
0.029
-0.092
0.054
0.016
0.008
-0.006
-0.020
-0.111
-0.039
-0.055
0.082
0.081
0.083
0.003
0.024
-0.039
-0.051
-0.051
-0.098
-0.018
-0.051
0.046
0.171
-0.013
-0.054
-0.061
0.039
0.056
-0.001
0.014
-0.004
-0.037
0.078
0.137
0.064
0.105
-0.079
-0.095
-0.127
0.083
-0.005
-0.021
0.069
-0.045
-0.080
0.026
-0.033
0.069
-0.046
0.013
-0.007
0.097
-0.022
-0.036
0.028
0.090
-0.050
-0.053
0.040
0.015
-0.102
-0.043
-0.107
0.065
0.018
-0.041
0.084
-0.011
-0.059
-0.087
0.003
0.044
-0.029
-0.032
0.102
-0.027
0.107
-0.068
0.071
-0.009
-0.018
-0.168
0.042
0.020
0.025
-0.210
-0.002
0.029
-0.002
-0.131
-0.068
-0.033
0.008
-0.037
0.031
-0.053
-0.036
0.009
0.072
-0.009
-0.044
0.056
-0.042
0.024
-0.063
-0.011
-0.031
-0.141
-0.021
-0.057
-0.099
-0.016
0.055
-0.029
-0.041
-0.145
0.017
-0.067
-0.049
-0.075
0.065
0.033
-0.093
-0.114
0.025
-0.014
-0.094
0.036
0.073
0.070
-0.060
0.007
0.151
-0.085
-0.027
0.087
0.008
-0.053
0.061
0.024
0.099
-0.012
0.014
0.014
0.053
0.035
0.117
0.046
0.035
-0.017
0.002
0.020
0.073
-0.009
-0.072
-0.054
0.066
-0.084
-0.037
-0.032
-0.127
0.110
-0.153
-0.081
0.012
0.043
0.108
0.046
0.016
-0.086
0.080
-0.067
0.148
-0.049
0.010
-0.016
-0.030
-0.020
0.032
0.042
-0.033
-0.031
0.026
0.080
-0.090
0.002
0.020
-0.064
0.053
-0.016
-0.107
-0.110
-0.013
-0.064
0.051
-0.013
-0.042
-0.009
0.056
-0.057
0.052
-0.100
0.095
0.001
0.014
0.023
-0.024
-0.035
-0.024
0.017
0.001
-0.085
-0.092
-0.021
-0.052
-0.040
0.113
0.068
-0.047
0.004
-0.072
-0.057
0.027
-0.148
0.027
-0.029
-0.033
-0.045
-0.054
0.009
0.021
-0.046
0.034
0.065
0.012
0.052
0.032
0.175
-0.030
0.068
-0.001
-0.048
-0.098
0.090
0.052
0.023
0.018
-0.023
0.006
0.068
0.005
-0.073
-0.065
-0.013
-0.058
0.044
-0.099
-0.063
-0.075
-0.054
-0.017
-0.067
-0.056
0.002
0.042
0.089
-0.005
-0.008
0.005
-0.008
-0.050
-0.128
0.003
0.065
0.021
0.006
0.178
-0.006
0.136
-0.081
0.060
0.008
-0.035
0.017
0.019
0.042
-0.112
-0.039
0.012
-0.036
-0.040
-0.099
-0.007
-0.093
0.107
-0.047
-0.001
0.119
-0.073
0.133
-0.012
0.028
0.050
0.066
-0.005
-0.028
0.039
0.073
-0.082
-0.111
-0.040
-0.058
-0.029
-0.071
0.004
-0.003
0.136
-0.007
-0.011
-0.062
0.059
0.049
-0.027
0.037
-0.132
0.064
-0.031
-0.019
0.004
0.040
-0.096
-0.015
0.089
0.068
0.048
-0.013
-0.002
0.080
0.025
0.063
-0.036
0.030
-0.024
-0.005
0.032
-0.101
-0.075
-0.046
-0.060
0.117
-0.095
0.048
-0.012
-0.078
0.178
0.059
0.020
0.061
-0.061
-0.070
0.012
-0.033
-0.076
-0.123
0.087
-0.111
-0.032
0.054
-0.037
-0.008
0.044
-0.009
0.034
-0.013
0.034
-0.010
0.032
0.103
-0.025
0.057
-0.065
0.033
0.062
0.054
0.016
-0.030
-0.090
-0.036
0.053
-0.050
0.073
0.050
0.133
0.000
-0.027
-0.013
-0.027
-0.014
0.097
-0.006
-0.014
0.080
-0.167
0.043
-0.145
0.098
0.029
0.018
0.024
0.043
-0.086
0.024
0.003
-0.003
-0.011
0.013
0.077
-0.010
-0.012
0.144
-0.047
-0.015
-0.139
0.042
0.012
-0.020
0.078
-0.020
-0.073
0.021
0.007
-0.124
0.010
-0.062
-0.032
0.124
-0.086
-0.009
0.078
-0.057
-0.036
0.135
0.045
0.056
0.010
-0.120
0.057
0.036
0.001
0.009
-0.062
-0.057
0.003
-0.007
-0.031
-0.050
0.030
-0.012
-0.042
0.025
-0.013
-0.021
-0.042
-0.033
0.057
-0.001
0.064
-0.048
0.016
-0.091
0.090
-0.028
0.038
-0.055
0.010
-0.012
0.069
-0.006
0.031
-0.031
0.059
0.085
0.039
-0.068
-0.061
0.140
-0.017
-0.002
0.098
-0.051
-0.010
-0.085
0.006
0.001
-0.135
-0.066
-0.016
-0.001
-0.005
-0.106
0.023
0.012
0.007
0.001
-0.036
-0.094
-0.040
-0.052
0.041
-0.013
-0.002
-0.099
0.146
-0.073
0.007
0.033
-0.020
-0.006
0.054
-0.032
-0.037
-0.071
0.048
-0.044
0.098
-0.036
-0.085
-0.020
0.036
-0.138
-0.022
0.051
-0.044
0.008
-0.064
0.040
0.105
0.044
-0.018
-0.010
0.074
0.097
-0.118
0.047
-0.080
-0.068
-0.032
-0.116
-0.175
0.023
-0.030
0.099
-0.044
0.048
-0.041
0.020
0.024
-0.090
-0.062
0.015
-0.009
-0.017
0.017
-0.032
-0.067
-0.134
-0.060
0.015
0.040
0.018
0.127
0.021
0.030
0.146
-0.084
-0.061
-0.000
0.053
0.072
-0.135
-0.042
0.031
0.043
0.041
0.078
0.077
0.005
-0.057
-0.072
0.109
-0.094
0.046
-0.059
-0.064
0.012
-0.059
-0.090
0.019
0.048
-0.209
-0.128
0.220
-0.023
0.007
-0.021
0.129
0.110
0.072
0.026
0.088
-0.034
-0.012
0.035
-0.073
0.122
-0.059
-0.007
0.111
0.080
-0.079
-0.021
0.068
-0.062
-0.011
0.041
0.115
-0.001
-0.022
0.131
-0.078
-0.008
-0.006
-0.035
-0.031
0.009
-0.062
0.029
-0.038
-0.004
0.029
0.066
-0.027
0.021
0.078
-0.073
0.026
-0.122
-0.011
0.023
0.054
-0.082
0.064
-0.069
0.035
-0.054
-0.028
-0.045
-0.044
0.047
0.021
-0.032
-0.017
0.023
-0.029
0.016
-0.023
-0.091
0.047
0.041
-0.058
-0.026
-0.041
0.107
0.043
-0.124
0.011
-0.064
-0.025
-0.096
0.043
-0.011
-0.028
0.043
-0.016
0.106
0.008
-0.008
-0.056
-0.080
-0.076
-0.061
0.064
0.050
-0.076
-0.027
0.014
0.106
-0.047
-0.106
0.007
-0.016
0.033
-0.160
-0.089
0.013
-0.018
-0.056
0.015
-0.006
0.050
-0.019
0.078
0.010
0.046
-0.156
0.013
0.166
-0.104
0.078
-0.065
-0.233
-0.020
-0.124
0.028
0.158
-0.055
-0.062
-0.013
-0.038
-0.016
-0.027
0.035
-0.008
-0.105
0.027
0.005
0.023
0.083
-0.110
-0.011
-0.041
0.045
-0.022
-0.023
-0.067
0.134
-0.087
-0.057
-0.081
-0.069
0.036
-0.102
-0.030
0.054
0.016
0.040
0.033
0.017
0.013
-0.058
-0.017
-0.084
0.016
-0.126
0.007
-0.086
0.038
0.048
-0.009
-0.172
-0.034
-0.125
0.025
-0.125
0.001
-0.026
0.030
0.074
0.072
-0.035
-0.007
-0.088
-0.043
0.010
-0.031
0.010
-0.117
-0.084
0.054
0.085
0.078
0.052
-0.059
-0.063
-0.006
0.038
-0.024
0.022
0.013
-0.032
0.008
0.153
-0.013
0.119
-0.016
-0.162
0.079
0.097
0.014
0.034
0.017
0.082
0.038
-0.100
-0.062
0.083
-0.074
-0.142
0.096
0.084
0.049
0.002
-0.040
-0.016
0.016
0.004
0.113
0.014
-0.064
-0.042
0.029
0.050
-0.045
-0.020
-0.090
0.055
-0.117
0.033
0.058
0.023
0.077
0.040
-0.035
-0.068
0.040
-0.110
-0.148
-0.030
0.046
0.120
0.127
-0.009
-0.047
-0.092
-0.120
-0.074
0.018
0.103
0.005
-0.016
-0.041
0.085
-0.079
-0.054
0.019
-0.037
-0.006
0.044
0.101
0.006
0.013
0.061
-0.091
0.003
0.033
0.120
-0.022
-0.072
-0.073
0.129
-0.151
0.001
0.007
-0.037
-0.053
-0.012
0.007
0.030
0.098
-0.034
-0.046
0.009
-0.077
0.046
0.097
0.049
0.004
0.089
0.010
0.024
0.054
-0.088
0.064
-0.006
-0.060
0.081
-0.028
0.002
0.015
0.122
0.000
0.005
0.047
0.041
0.060
0.025
0.064
0.069
-0.071
-0.032
0.028
0.038
-0.095
0.059
-0.013
0.041
-0.069
-0.133
0.137
0.089
-0.093
0.032
-0.154
-0.121
-0.056
-0.063
0.041
0.130
-0.050
-0.069
-0.065
0.036
-0.062
0.055
0.106
0.050
-0.016
-0.034
0.124
0.024
-0.090
-0.076
-0.088
0.032
-0.099
0.070
-0.075
-0.013
0.062
0.059
-0.020
-0.009
-0.058
-0.053
0.057
0.027
-0.045
0.018
0.054
0.044
-0.020
0.008
0.068
-0.012
0.031
-0.043
0.042
0.179
0.103
0.023
-0.020
0.043
-0.042
0.077
0.089
0.119
-0.063
0.016
0.074
-0.030
-0.009
0.013
-0.041
-0.033
0.052
0.019
-0.036
0.052
-0.027
0.077
-0.137
-0.051
-0.017
0.030
-0.024
0.024
-0.031
-0.018
0.024
0.014
0.107
0.047
-0.038
-0.007
0.032
0.100
-0.083
-0.057
-0.039
-0.063
0.001
0.059
-0.039
-0.054
-0.065
-0.045
-0.002
-0.068
0.085
0.071
-0.038
-0.100
0.069
-0.093
0.052
-0.065
0.010
-0.098
0.007
0.036
-0.055
-0.055
-0.098
0.004
0.044
0.052
-0.012
0.036
0.020
-0.032
0.048
-0.033
0.025
-0.091
0.015
0.003
-0.052
0.048
0.076
0.056
0.036
0.088
-0.122
0.014
0.078
0.076
-0.044
0.131
0.067
0.006
0.075
-0.070
0.048
0.027
0.048
-0.037
0.025
-0.080
0.066
0.022
0.008
0.030
-0.094
-0.006
0.026
0.040
-0.021
0.134
-0.011
0.048
-0.109
0.086
0.028
0.042
-0.052
-0.066
-0.031
-0.024
0.109
0.022
0.077
-0.079
0.052
-0.134
0.037
-0.061
-0.006
-0.041
0.090
0.033
0.063
0.011
0.071
0.072
-0.052
0.144
-0.064
-0.130
0.002
0.094
0.060
0.072
0.082
-0.062
-0.034
0.007
-0.039
-0.051
-0.077
-0.028
0.062
-0.030
-0.014
-0.019
-0.071
0.007
0.060
0.029
-0.060
0.030
-0.073
0.069
0.084
0.094
-0.002
0.005
-0.000
0.052
-0.018
-0.007
-0.095
0.013
0.007
-0.107
-0.044
-0.070
0.122
-0.036
0.005
-0.041
-0.072
0.029
-0.018
0.031
0.001
0.027
-0.002
0.131
-0.063
-0.118
-0.019
0.011
-0.012
0.049
0.107
0.103
0.054
-0.089
-0.036
0.019
0.084
-0.036
0.039
0.030
-0.008
-0.073
-0.076
0.079
0.059
0.044
0.039
0.078
0.068
0.044
0.002
0.018
-0.027
0.091
0.058
0.063
-0.012
0.054
-0.037
0.079
0.093
0.029
-0.115
-0.003
-0.006
0.026
-0.065
-0.143
0.112
0.120
-0.089
0.032
0.106
-0.095
0.012
-0.029
-0.046
0.021
0.027
-0.011
0.029
-0.008
-0.047
0.005
-0.043
-0.052
0.078
0.008
0.017
0.094
-0.027
-0.065
-0.136
0.052
-0.020
-0.011
0.105
0.004
-0.013
-0.029
-0.043
0.014
-0.100
0.011
0.029
0.020
0.038
0.037
-0.032
-0.045
0.010
-0.132
-0.018
0.006
0.006
-0.006
0.114
0.040
0.025
0.041
-0.009
0.002
0.072
0.020
0.065
-0.045
0.054
-0.138
0.101
0.096
0.031
-0.020
-0.107
0.085
-0.012
-0.043
-0.047
0.107
0.041
-0.086
0.080
0.031
-0.037
0.006
0.067
0.017
-0.034
-0.083
-0.081
-0.043
0.028
-0.016
-0.035
0.019
0.138
0.070
-0.071
0.070
-0.012
0.037
0.086
-0.089
0.009
-0.022
-0.062
0.004
0.105
0.034
-0.031
-0.052
0.017
0.002
0.004
0.039
0.106
-0.040
0.006
0.023
-0.044
-0.019
0.015
-0.026
-0.050
0.057
0.058
-0.034
0.061
0.031
0.143
-0.121
-0.064
-0.003
0.032
-0.050
-0.054
-0.068
-0.005
0.003
-0.095
-0.052
0.026
-0.024
-0.059
0.138
-0.070
0.089
0.031
0.001
0.038
-0.019
0.008
-0.097
0.028
0.126
0.053
-0.085
0.066
-0.085
-0.030
0.043
-0.075
-0.086
0.047
-0.069
0.165
0.049
-0.021
-0.069
0.077
0.035
-0.037
-0.041
-0.026
-0.018
0.023
0.064
0.019
0.089
-0.033
-0.015
0.085
0.023
0.016
0.064
0.024
-0.030
-0.043
-0.099
0.080
0.035
0.078
-0.109
-0.017
-0.094
0.002
0.027
-0.025
0.068
0.037
0.036
0.106
0.034
-0.038
-0.087
-0.051
-0.095
-0.074
0.067
-0.035
-0.038
-0.080
-0.028
0.110
-0.101
-0.026
0.023
0.031
0.160
0.029
0.064
-0.006
0.017
-0.028
-0.062
0.078
0.019
-0.026
-0.009
0.033
0.016
0.085
-0.003
0.016
-0.146
-0.091
-0.001
0.039
0.024
-0.031
0.070
-0.027
-0.063
-0.054
0.038
0.026
-0.002
0.074
0.018
0.007
0.056
-0.092
-0.041
-0.067
-0.068
-0.010
-0.001
0.039
-0.087
0.071
-0.014
-0.044
-0.046
-0.099
-0.079
-0.134
0.029
-0.043
0.070
-0.089
-0.076
-0.058
0.025
0.019
-0.005
0.002
0.027
0.074
-0.046
-0.068
0.039
-0.103
-0.015
-0.027
-0.070
0.124
0.007
-0.067
0.002
-0.132
0.021
-0.094
-0.039
-0.030
-0.055
0.043
0.010
-0.020
-0.024
0.124
0.071
-0.108
0.019
0.033
0.117
0.007
0.022
-0.140
-0.065
0.027
0.026
0.033
-0.016
0.014
0.036
0.038
-0.001
-0.033
-0.027
-0.076
0.051
0.149
-0.057
-0.005
-0.038
0.111
0.065
-0.004
0.042
-0.026
0.041
-0.100
0.028
-0.035
0.008
-0.155
0.041
-0.046
-0.064
0.047
-0.056
0.025
0.205
-0.069
-0.007
-0.085
0.041
0.054
-0.023
-0.010
-0.024
-0.107
-0.065
0.085
0.140
-0.071
-0.055
-0.060
-0.021
-0.003
-0.050
0.005
0.036
0.004
0.056
0.029
0.014
-0.039
-0.024
0.051
-0.042
0.096
0.111
-0.003
-0.030
0.039
-0.093
0.053
-0.065
-0.047
0.032
0.001
-0.053
-0.003
0.010
0.032
-0.044
0.010
0.027
-0.019
-0.093
0.041
-0.059
-0.076
0.014
-0.033
-0.021
0.103
0.120
-0.062
-0.014
-0.040
-0.018
0.018
-0.055
-0.052
0.030
-0.071
-0.017
0.051
0.056
-0.089
0.006
-0.101
0.018
-0.044
-0.050
0.000
-0.058
0.051
-0.045
-0.048
-0.048
-0.007
0.061
-0.043
-0.054
0.019
-0.033
-0.018
0.048
-0.016
0.052
-0.001
-0.007
-0.079
-0.074
0.021
0.023
-0.160
-0.130
-0.153
-0.002
0.047
-0.026
-0.026
-0.079
0.019
-0.114
-0.139
0.037
0.080
-0.036
0.034
0.109
-0.030
-0.012
-0.014
0.075
-0.140
0.007
-0.017
-0.041
0.117
-0.014
-0.008
-0.069
-0.086
-0.166
-0.030
0.086
-0.043
0.120
0.065
0.052
-0.001
0.081
-0.024
-0.013
-0.039
-0.056
-0.026
-0.025
-0.025
0.105
0.013
-0.010
-0.009
0.072
-0.005
0.013
-0.119
-0.082
0.080
-0.040
-0.056
0.060
0.034
-0.051
0.202
0.078
0.011
-0.054
0.078
0.077
-0.047
-0.005
0.083
-0.042
-0.043
0.061
-0.072
0.049
0.026
0.092
-0.042
0.027
-0.014
-0.069
0.025
0.070
0.086
-0.104
0.001
-0.021
-0.056
-0.039
-0.072
-0.001
0.089
-0.017
-0.009
-0.025
-0.108
0.032
-0.012
0.030
0.005
-0.052
-0.024
-0.053
0.038
0.022
0.153
0.058
0.034
-0.052
-0.020
0.061
-0.024
-0.010
-0.084
-0.035
0.111
0.046
0.045
-0.036
-0.002
-0.054
0.002
-0.032
-0.056
-0.093
0.010
0.020
0.016
0.016
0.071
0.017
-0.018
0.098
-0.026
0.056
-0.076
0.149
0.061
0.035
-0.033
0.006
-0.091
0.117
0.178
-0.054
0.007
-0.018
-0.031
0.036
0.032
-0.008
-0.018
-0.052
-0.038
0.030
0.001
0.051
0.013
-0.078
0.060
-0.074
0.041
-0.099
-0.069
-0.029
0.004
-0.120
0.047
-0.022
0.113
0.059
-0.062
0.042
-0.071
0.057
0.059
0.031
-0.034
-0.041
-0.034
0.057
0.054
-0.066
-0.013
-0.027
-0.056
-0.074
0.050
0.101
-0.003
-0.107
-0.017
0.009
0.011
0.054
0.068
0.051
0.068
0.087
-0.043
-0.013
-0.030
0.057
-0.011
0.067
0.021
0.045
0.013
0.025
0.097
-0.055
0.013
0.104
0.049
0.016
0.034
-0.029
0.093
-0.029
-0.065
-0.015
0.003
0.007
0.080
0.043
-0.031
-0.008
-0.027
0.030
-0.029
0.035
-0.063
-0.020
0.020
-0.154
-0.015
-0.073
0.022
-0.073
0.001
0.101
-0.009
0.065
0.035
0.057
-0.016
0.074
0.088
-0.017
-0.070
0.003
-0.004
0.027
-0.031
0.058
0.056
0.024
0.131
0.040
0.034
0.099
-0.028
0.006
-0.121
0.087
0.142
0.018
0.122
-0.098
-0.078
-0.049
-0.047
0.010
0.069
-0.025
0.024
-0.063
0.053
-0.032
0.014
0.025
0.018
-0.012
0.026
-0.003
0.088
-0.086
0.113
0.020
0.131
0.051
-0.011
0.065
-0.081
0.020
0.115
-0.104
-0.058
0.035
-0.013
0.052
-0.021
0.049
-0.029
0.021
0.063
0.126
-0.013
-0.139
-0.123
0.017
-0.080
0.169
0.087
-0.040
0.030
0.011
-0.044
-0.076
0.103
-0.042
-0.152
-0.050
-0.060
-0.108
0.177
-0.029
0.023
-0.055
0.105
-0.007
-0.007
0.066
-0.050
0.087
0.038
-0.064
-0.014
0.070
-0.034
0.008
0.031
0.043
0.079
0.047
-0.047
0.078
0.018
-0.117
-0.058
0.035
0.011
0.081
-0.031
-0.049
0.069
0.048
0.058
-0.057
0.004
-0.019
-0.032
0.033
-0.066
-0.049
-0.048
0.001
-0.027
-0.013
-0.006
0.068
0.046
0.030
0.003
-0.100
-0.056
0.095
0.034
-0.083
0.110
-0.067
0.039
0.024
0.073
-0.057
-0.046
0.022
0.004
0.095
0.047
0.014
-0.000
-0.100
-0.119
-0.015
-0.004
0.068
0.004
0.134
-0.033
0.021
-0.030
-0.004
-0.034
-0.033
-0.011
-0.041
0.009
0.003
0.051
0.013
0.041
0.016
0.034
-0.067
-0.009
-0.149
-0.149
-0.098
-0.113
0.062
0.027
-0.007
-0.004
-0.038
0.068
-0.020
-0.028
0.066
-0.115
0.026
-0.175
-0.043
-0.094
-0.030
0.105
0.042
-0.048
0.033
0.019
-0.038
0.009
0.015
0.048
0.028
-0.070
-0.047
-0.086
-0.012
-0.083
-0.011
-0.004
-0.063
0.073
-0.083
-0.013
0.001
-0.001
-0.097
0.035
-0.087
-0.025
-0.074
0.008
-0.036
-0.009
0.031
-0.102
-0.077
-0.052
-0.047
0.121
0.094
0.029
-0.019
-0.075
-0.024
0.010
0.043
0.019
-0.011
0.016
0.026
0.033
-0.035
0.084
0.074
0.083
-0.061
-0.033
-0.091
0.107
0.059
-0.013
0.047
0.024
0.011
0.005
-0.011
0.038
-0.029
0.047
-0.034
0.030
0.031
-0.016
0.080
0.038
-0.049
-0.035
0.094
-0.045
0.110
-0.046
0.036
0.051
-0.078
0.027
0.063
-0.045
-0.090
-0.062
0.025
-0.010
-0.038
-0.030
0.060
0.047
0.029
-0.024
0.035
-0.066
-0.016
0.003
-0.044
0.020
0.016
-0.055
0.088
0.085
0.033
-0.050
-0.054
0.010
0.075
-0.032
0.062
0.040
-0.055
0.044
0.052
0.134
-0.017
0.016
-0.063
0.012
0.045
-0.102
0.045
0.101
-0.089
0.065
0.027
-0.016
-0.099
0.068
0.070
-0.035
0.046
-0.011
0.060
0.021
-0.025
0.022
0.082
-0.077
0.013
0.084
0.003
-0.088
-0.035
0.074
-0.226
-0.012
0.111
-0.001
0.026
0.031
0.102
-0.089
-0.069
-0.068
0.051
0.028
0.010
0.002
0.031
-0.033
-0.044
-0.024
-0.130
-0.025
-0.119
-0.045
-0.072
-0.069
-0.042
0.136
0.022
-0.008
0.038
-0.014
-0.032
0.024
0.021
-0.027
-0.102
0.023
-0.074
0.106
0.003
-0.007
-0.027
-0.082
0.035
0.010
-0.018
0.034
-0.062
-0.008
-0.025
0.057
0.025
0.065
0.071
0.002
-0.024
0.030
-0.018
-0.005
-0.094
-0.068
0.040
0.113
0.051
-0.004
0.072
0.054
0.059
-0.010
0.112
-0.082
-0.075
0.042
0.110
0.064
0.004
0.029
-0.075
-0.085
0.080
0.088
-0.093
-0.004
-0.051
-0.109
0.039
0.048
0.006
-0.059
0.078
0.020
-0.065
-0.188
-0.033
-0.053
-0.017
-0.107
0.018
-0.035
-0.086
-0.080
0.082
0.012
-0.047
0.032
0.025
0.013
-0.013
-0.150
-0.042
0.106
0.100
-0.039
0.014
0.067
0.028
0.011
-0.007
0.026
-0.059
-0.070
-0.090
0.095
0.077
0.038
0.060
0.117
0.022
-0.075
0.024
0.034
-0.045
-0.061
0.004
-0.089
0.022
-0.003
0.066
0.084
-0.028
0.095
0.087
-0.009
-0.023
0.030
0.068
0.107
0.036
0.102
-0.069
-0.120
-0.041
-0.045
0.063
-0.071
-0.104
0.040
-0.049
0.065
0.106
0.085
-0.025
0.125
-0.034
0.063
0.089
-0.027
0.007
-0.022
-0.018
-0.009
-0.099
-0.024
-0.062
-0.013
-0.052
0.099
0.031
0.053
0.124
-0.049
0.109
0.046
0.026
-0.068
-0.047
-0.027
0.010
-0.015
0.003
0.052
0.046
0.050
-0.038
0.011
-0.004
-0.008
-0.003
-0.035
0.036
-0.001
-0.076
0.008
-0.003
-0.078
-0.016
0.005
0.069
0.036
-0.002
0.039
-0.084
0.072
0.039
0.022
0.017
0.033
-0.027
-0.046
-0.007
-0.021
-0.009
-0.035
0.049
0.004
-0.002
0.065
-0.041
0.035
0.015
-0.089
0.009
-0.045
-0.104
0.092
0.003
0.049
0.001
0.001
0.058
-0.030
-0.096
0.036
-0.086
0.033
-0.026
-0.060
0.032
-0.011
-0.036
0.062
0.026
0.037
-0.077
0.064
0.011
0.001
0.014
0.144
-0.071
0.049
-0.071
0.027
0.026
0.017
-0.017
-0.087
-0.038
0.042
0.122
0.059
0.063
-0.019
-0.016
-0.039
0.131
0.022
-0.024
0.016
-0.085
0.027
-0.027
-0.144
-0.098
0.154
-0.002
-0.001
-0.050
-0.112
-0.018
-0.005
0.020
0.136
0.074
0.012
0.061
-0.066
-0.022
0.038
-0.012
-0.056
0.018
-0.047
-0.036
0.018
-0.040
0.040
-0.077
-0.025
-0.042
0.065
0.027
0.107
-0.073
0.026
-0.051
0.023
-0.080
0.086
-0.146
-0.062
0.069
-0.176
-0.017
-0.016
0.087
0.056
0.014
-0.039
-0.024
-0.021
-0.069
-0.016
0.039
0.078
0.060
0.112
0.049
0.018
0.090
0.017
0.015
-0.026
0.051
0.012
-0.003
0.018
0.050
-0.062
-0.002
-0.080
0.052
0.058
-0.069
-0.063
-0.016
-0.034
0.022
0.096
0.102
-0.090
-0.061
0.015
-0.097
-0.091
-0.078
0.050
0.057
-0.045
0.115
0.015
-0.144
0.107
-0.075
-0.048
0.098
-0.050
0.026
-0.009
-0.029
-0.037
-0.058
0.201
0.022
-0.018
0.042
0.009
0.254
-0.036
-0.024
-0.015
0.065
-0.061
0.072
-0.056
-0.045
-0.010
-0.189
0.023
0.110
0.039
-0.105
-0.080
0.059
-0.069
0.021
0.055
-0.058
-0.067
-0.129
0.046
-0.071
-0.114
0.055
-0.068
0.045
-0.008
-0.015
0.061
0.032
-0.006
-0.076
0.011
-0.118
-0.023
-0.051
0.031
0.049
-0.089
-0.041
0.125
0.078
0.067
-0.105
-0.011
0.005
0.060
0.016
-0.030
-0.036
-0.150
0.144
-0.058
-0.073
-0.104
0.021
-0.074
0.021
0.101
-0.054
-0.038
0.043
0.140
0.015
0.063
-0.011
0.017
-0.043
0.034
-0.056
0.039
0.115
-0.115
-0.036
0.016
0.073
-0.123
0.098
-0.074
0.030
-0.018
0.120
-0.024
0.014
-0.021
0.134
-0.068
-0.008
0.045
0.057
0.031
0.063
0.060
-0.015
0.040
0.042
-0.053
-0.078
-0.016
0.131
0.045
-0.029
-0.009
0.009
0.028
0.056
-0.072
0.056
0.065
0.015
-0.028
0.054
0.039
0.035
0.012
0.136
-0.104
0.011
0.047
0.042
-0.038
-0.012
-0.049
0.019
-0.014
-0.051
-0.001
-0.032
-0.184
0.035
-0.046
0.037
0.042
0.071
0.024
-0.044
-0.095
0.018
-0.037
-0.035
0.047
0.067
0.080
0.029
0.073
0.093
0.055
0.025
0.020
-0.010
-0.020
0.072
0.064
0.078
0.037
-0.034
-0.042
0.079
-0.034
0.015
0.050
0.167
-0.050
-0.062
0.008
-0.057
-0.028
0.003
-0.008
-0.010
-0.106
0.011
0.092
0.077
0.072
-0.024
0.035
0.076
0.022
-0.079
0.016
-0.039
0.155
0.021
0.088
0.060
0.011
-0.016
0.035
0.012
0.086
-0.010
-0.024
-0.014
0.023
0.024
-0.034
0.009
0.004
0.040
0.070
-0.079
-0.178
0.009
-0.078
-0.051
-0.180
-0.142
-0.120
0.025
0.045
0.058
-0.141
-0.019
0.161
0.020
-0.077
0.064
0.164
0.085
0.022
-0.082
-0.037
-0.088
-0.053
-0.014
0.074
-0.014
0.015
-0.029
0.017
0.014
0.030
0.032
-0.074
-0.054
-0.007
0.089
0.028
0.004
-0.008
0.029
0.101
-0.020
0.004
0.103
-0.015
-0.057
0.018
-0.040
0.003
0.111
0.141
0.027
-0.052
0.003
0.037
-0.083
-0.072
-0.001
-0.056
-0.046
0.085
0.057
-0.099
-0.094
-0.005
-0.029
0.112
-0.062
0.024
0.003
-0.029
-0.033
0.017
0.045
-0.033
-0.093
-0.072
0.020
0.037
-0.133
0.011
-0.059
-0.008
-0.054
0.020
0.031
-0.030
0.040
0.140
0.065
0.039
0.006
0.010
-0.008
-0.028
-0.039
0.087
0.054
0.012
-0.053
0.077
-0.059
0.037
-0.024
-0.040
-0.042
0.045
0.040
-0.009
-0.029
-0.005
-0.093
0.062
-0.013
0.107
0.095
-0.101
-0.129
-0.112
0.006
-0.080
0.009
-0.054
0.023
-0.080
0.101
-0.043
-0.150
0.028
0.015
-0.015
-0.137
0.112
-0.027
-0.012
-0.021
0.062
0.102
0.070
-0.046
-0.039
-0.014
-0.032
0.036
-0.074
-0.009
-0.077
0.078
-0.005
0.066
0.047
-0.092
-0.029
-0.005
0.078
0.011
-0.025
-0.031
0.088
0.059
0.045
0.015
-0.061
-0.094
0.008
0.100
0.039
0.063
0.070
0.018
0.028
0.056
-0.103
-0.004
-0.045
-0.031
-0.042
0.023
-0.023
-0.014
0.018
0.078
-0.049
-0.022
0.041
-0.107
0.026
-0.005
0.003
-0.040
0.039
0.103
0.003
0.155
0.084
0.079
-0.082
-0.108
-0.014
0.085
0.024
-0.053
-0.007
0.007
0.037
-0.038
0.098
0.079
0.041
-0.046
-0.076
-0.069
0.001
0.133
-0.046
-0.057
0.006
-0.085
-0.106
0.064
-0.163
-0.081
0.017
-0.005
0.108
-0.100
0.077
-0.012
0.038
0.041
-0.080
0.018
0.002
0.015
0.038
-0.030
0.019
0.005
0.003
-0.017
0.039
0.088
0.040
-0.050
-0.106
0.136
-0.079
0.058
0.019
0.017
0.003
-0.043
0.028
0.090
-0.017
0.060
-0.008
-0.027
-0.022
0.020
0.048
-0.055
-0.108
0.003
-0.101
0.008
0.056
-0.051
-0.049
0.054
0.035
-0.072
-0.132
0.061
0.068
0.008
0.038
0.067
0.021
-0.127
-0.104
0.059
-0.032
0.075
0.078
-0.088
0.003
-0.042
-0.042
0.106
0.029
-0.061
-0.037
0.002
0.102
-0.020
0.078
0.043
0.032
-0.020
0.076
0.074
-0.049
0.104
0.005
-0.114
-0.107
0.101
0.040
0.074
-0.025
0.015
0.045
-0.074
0.233
0.062
-0.063
0.029
0.106
-0.003
0.010
-0.033
-0.074
-0.020
-0.026
0.048
0.157
0.072
-0.010
-0.039
0.040
0.014
0.061
-0.044
0.035
-0.003
-0.118
0.088
0.011
-0.102
0.003
0.045
-0.055
-0.002
-0.071
0.011
-0.040
-0.094
0.054
0.005
-0.039
-0.070
-0.078
0.013
0.096
0.041
-0.012
-0.139
0.140
0.023
-0.159
0.115
-0.032
-0.099
0.070
-0.038
-0.018
0.079
-0.034
0.052
0.014
-0.014
-0.004
-0.041
-0.084
-0.062
0.033
-0.073
-0.049
0.013
0.082
-0.013
-0.043
-0.083
0.011
-0.000
0.107
-0.065
-0.144
-0.020
0.076
-0.007
0.059
0.040
0.003
0.008
-0.022
-0.057
-0.026
-0.005
0.067
-0.015
0.066
-0.101
-0.025
0.009
-0.058
-0.009
-0.149
0.004
-0.103
0.059
0.036
-0.005
-0.027
0.017
-0.034
0.009
0.020
-0.011
-0.028
-0.049
-0.112
-0.049
0.165
0.083
-0.035
0.010
0.060
-0.033
-0.015
-0.046
0.028
-0.059
0.009
0.005
0.081
0.105
0.025
0.010
0.004
0.092
-0.019
0.042
0.084
-0.028
0.031
-0.049
-0.039
0.030
-0.080
-0.016
-0.026
-0.037
-0.006
0.002
-0.136
0.093
-0.127
-0.051
0.016
-0.035
-0.083
0.035
-0.026
-0.001
-0.018
-0.129
0.098
0.016
-0.010
-0.020
-0.041
-0.080
0.068
-0.021
-0.005
0.010
-0.022
-0.030
-0.018
0.123
-0.039
0.019
0.023
0.009
0.049
-0.126
0.024
-0.092
0.092
0.050
0.001
-0.022
-0.046
0.039
-0.008
0.093
0.055
0.020
0.038
0.032
0.001
-0.053
0.035
-0.009
0.088
-0.111
0.084
0.074
0.053
-0.012
0.004
-0.045
-0.018
-0.016
0.110
-0.082
-0.069
0.031
0.023
0.036
0.050
0.089
-0.071
0.057
-0.085
0.008
-0.059
0.005
-0.031
0.036
-0.130
-0.096
0.065
-0.060
0.017
-0.074
-0.024
-0.046
0.033
-0.024
-0.062
0.030
0.100
-0.081
0.077
-0.010
-0.108
-0.006
-0.007
0.117
0.068
-0.063
-0.040
-0.041
0.064
0.008
-0.026
-0.024
0.063
0.037
-0.012
-0.059
0.014
0.114
0.045
-0.024
-0.053
0.007
0.103
-0.012
0.057
0.051
-0.025
-0.031
0.003
-0.083
-0.006
0.030
0.067
-0.029
-0.078
-0.055
-0.039
-0.090
0.031
-0.053
0.065
0.020
0.076
-0.001
-0.007
-0.110
-0.063
-0.092
0.120
-0.027
0.027
-0.056
-0.152
-0.049
0.011
0.076
0.034
-0.019
-0.041
0.020
-0.065
0.049
-0.018
-0.040
-0.012
0.023
-0.046
0.013
0.040
0.061
-0.104
-0.057
-0.021
0.019
-0.018
0.104
0.015
-0.067
0.017
0.041
-0.036
-0.004
0.037
-0.041
-0.037
0.115
0.125
0.009
-0.035
-0.084
-0.008
0.042
0.029
0.004
-0.046
-0.027
0.017
-0.003
0.123
0.053
-0.046
-0.008
-0.137
-0.066
0.052
0.068
-0.002
0.092
-0.023
0.032
-0.014
-0.065
0.226
-0.019
0.046
-0.019
-0.025
0.044
0.070
0.058
0.061
-0.070
0.074
0.051
-0.042
0.016
0.087
0.116
0.029
-0.038
0.012
0.052
0.059
0.013
-0.069
-0.007
-0.105
-0.017
-0.133
0.062
0.035
-0.084
-0.022
0.028
0.067
-0.064
0.049
0.027
0.055
0.032
0.140
-0.053
0.003
0.076
0.073
-0.038
-0.012
0.016
-0.011
-0.044
0.020
-0.154
-0.043
0.086
0.029
0.028
0.014
-0.045
-0.077
0.022
-0.056
-0.003
0.014
0.100
0.004
0.040
-0.029
0.034
0.041
-0.069
-0.103
-0.063
0.115
0.102
0.108
-0.022
0.058
0.054
-0.039
-0.093
-0.060
-0.040
-0.031
-0.057
0.054
-0.027
-0.010
0.012
0.003
-0.029
0.008
-0.079
0.010
-0.061
0.035
-0.029
0.096
0.070
0.088
0.000
-0.017
-0.060
0.079
-0.000
0.051
0.114
0.037
0.031
-0.011
0.011
-0.167
-0.025
0.082
-0.039
-0.041
-0.029
0.017
-0.096
0.010
0.016
-0.080
-0.059
0.077
-0.007
-0.020
0.019
-0.061
0.090
0.036
-0.031
0.016
-0.104
-0.056
0.044
0.117
0.028
-0.158
0.163
0.043
0.003
0.089
0.017
0.080
-0.003
-0.022
0.089
-0.045
-0.042
-0.031
-0.050
0.013
0.048
0.029
-0.009
0.068
0.026
0.040
-0.096
-0.014
-0.077
0.032
0.034
0.047
0.020
0.056
0.017
-0.041
-0.031
-0.044
-0.043
-0.021
0.036
-0.016
-0.002
0.129
0.049
-0.021
-0.056
0.085
0.035
-0.008
-0.052
0.098
-0.086
0.035
-0.015
0.035
0.024
-0.058
-0.077
-0.109
-0.085
-0.004
0.001
-0.059
-0.070
-0.001
0.062
-0.029
-0.050
0.135
-0.019
-0.030
0.084
0.003
0.027
0.016
0.009
0.035
-0.136
-0.063
-0.190
-0.038
0.055
-0.015
-0.164
-0.018
-0.079
0.046
0.001
0.036
-0.077
-0.083
0.095
-0.063
-0.044
-0.092
0.000
-0.080
0.112
0.037
0.127
-0.118
0.029
0.021
-0.087
-0.027
0.026
0.019
-0.034
0.166
0.049
-0.052
0.057
0.102
0.021
-0.016
0.072
-0.006
0.019
-0.054
-0.001
0.076
-0.107
-0.054
0.015
-0.010
0.079
0.067
0.005
-0.089
-0.011
0.004
0.014
0.006
0.068
0.052
0.071
-0.004
0.031
-0.030
0.079
0.018
0.066
-0.071
-0.039
-0.067
-0.070
0.041
0.083
0.049
0.026
-0.104
0.072
0.134
-0.033
-0.062
-0.036
0.049
-0.089
-0.052
-0.023
0.011
0.023
-0.036
-0.046
0.003
-0.039
0.000
-0.059
0.070
0.012
0.114
-0.013
0.010
-0.082
0.050
-0.145
-0.021
0.061
0.052
-0.162
-0.050
0.027
0.047
0.146
-0.022
0.016
0.020
-0.041
-0.039
0.045
-0.108
0.067
-0.009
-0.036
-0.148
-0.055
0.045
0.052
0.050
-0.096
0.031
0.088
0.025
-0.044
-0.014
-0.062
-0.068
-0.094
0.055
0.027
0.028
-0.052
-0.013
0.025
-0.053
0.009
-0.179
0.027
0.034
0.007
-0.043
0.025
-0.002
-0.025
0.043
-0.046
-0.039
0.085
0.109
0.033
0.016
-0.026
-0.016
0.075
-0.027
0.055
-0.101
0.044
0.053
0.118
-0.033
-0.021
-0.146
-0.029
0.097
-0.009
0.081
0.010
0.057
0.064
0.085
0.029
0.038
0.043
-0.002
-0.001
0.065
-0.085
0.029
0.004
0.011
0.065
-0.111
-0.062
0.031
0.040
-0.002
0.074
0.014
-0.014
0.011
0.021
-0.081
-0.045
0.000
-0.063
0.040
-0.005
0.048
0.041
-0.038
-0.157
-0.001
-0.009
-0.008
0.063
0.054
0.125
-0.069
-0.060
0.061
-0.015
-0.035
0.099
0.014
0.009
-0.035
-0.078
0.119
0.007
-0.056
0.110
-0.057
-0.001
0.127
-0.088
-0.041
0.185
-0.032
-0.145
-0.051
0.086
0.005
-0.025
-0.010
-0.029
0.084
-0.025
-0.060
-0.112
-0.026
0.010
0.086
0.042
-0.123
-0.010
0.000
0.032
-0.041
-0.058
-0.032
0.066
-0.051
-0.018
-0.090
-0.114
-0.006
0.067
-0.003
-0.065
0.033
-0.018
-0.083
0.049
0.057
0.129
-0.007
-0.024
-0.046
-0.067
0.000
-0.083
0.002
-0.056
0.072
0.012
0.086
0.061
-0.001
0.022
0.065
-0.014
-0.015
0.016
-0.070
-0.021
0.031
0.024
-0.009
-0.041
-0.067
-0.051
-0.027
-0.052
-0.027
0.019
-0.017
-0.060
-0.013
-0.087
0.006
0.129
0.027
-0.027
0.015
0.027
-0.014
0.081
-0.116
-0.017
-0.006
0.010
-0.025
0.021
-0.070
-0.055
0.087
-0.159
-0.016
-0.149
-0.084
0.072
-0.008
0.083
-0.071
-0.072
-0.031
0.065
0.101
-0.034
0.085
-0.086
-0.003
0.019
0.115
-0.012
0.019
0.003
0.027
0.058
0.011
0.080
-0.114
-0.040
-0.042
-0.049
-0.088
-0.050
0.058
0.034
0.002
0.075
-0.011
0.004
0.032
-0.023
-0.017
0.051
0.011
-0.001
0.006
-0.014
-0.003
-0.032
-0.004
0.029
0.056
0.083
-0.001
-0.046
0.017
0.048
0.005
-0.033
0.010
-0.042
-0.000
0.007
0.130
0.058
-0.033
0.033
-0.139
0.012
0.015
-0.023
-0.060
-0.093
-0.024
-0.078
0.099
-0.006
0.031
0.017
-0.146
0.033
0.036
0.060
0.099
0.044
-0.066
-0.022
-0.009
-0.062
-0.022
0.072
0.060
0.012
0.021
-0.025
0.011
0.027
-0.036
0.057
-0.012
-0.017
0.037
-0.054
-0.044
-0.057
0.072
0.110
0.030
0.014
0.050
0.022
0.089
-0.000
-0.012
-0.115
-0.053
0.089
-0.135
-0.042
-0.066
-0.075
-0.139
-0.029
-0.004
0.073
0.068
-0.080
0.074
0.031
-0.125
0.026
-0.076
0.025
0.075
0.078
-0.004
-0.023
0.034
-0.053
-0.116
-0.072
0.076
-0.049
-0.021
-0.001
0.035
0.049
-0.047
0.046
0.081
-0.015
-0.065
0.054
-0.022
0.004
-0.053
-0.061
0.038
-0.007
-0.057
0.058
0.052
0.055
0.108
0.033
-0.024
0.019
-0.009
0.016
-0.038
0.054
-0.031
0.031
0.014
-0.026
-0.092
0.101
-0.020
0.077
0.087
0.105
-0.045
0.065
-0.069
-0.127
-0.043
0.009
0.118
-0.088
-0.024
-0.025
-0.066
-0.091
0.083
0.016
0.060
0.044
0.139
0.042
-0.093
-0.069
0.022
0.030
0.079
0.069
0.004
-0.025
-0.104
-0.036
-0.025
-0.013
-0.088
-0.077
0.064
0.019
-0.121
-0.007
0.065
0.027
0.034
-0.033
0.054
0.043
-0.055
-0.026
0.005
0.060
-0.078
0.045
-0.078
0.057
-0.084
-0.098
-0.015
0.058
-0.027
-0.016
0.030
-0.040
0.005
-0.045
-0.015
0.036
0.048
0.018
-0.075
0.045
0.028
-0.001
0.001
-0.021
0.041
-0.053
0.012
0.066
-0.023
-0.060
-0.066
0.069
-0.025
0.044
0.023
-0.009
-0.024
0.043
-0.078
-0.038
0.046
0.008
-0.103
0.003
0.015
-0.025
0.019
0.086
0.003
0.032
0.060
0.121
-0.112
0.060
0.021
-0.031
0.084
-0.058
-0.018
-0.054
-0.170
-0.046
-0.104
-0.031
-0.062
-0.099
0.105
-0.126
-0.091
-0.071
0.015
-0.043
-0.076
-0.012
-0.053
-0.035
0.084
0.043
0.075
-0.095
-0.032
0.032
0.061
-0.041
0.033
0.034
0.104
0.012
0.024
-0.084
0.021
0.024
-0.016
-0.072
-0.032
-0.085
-0.127
-0.008
-0.011
0.039
-0.085
-0.145
-0.019
0.048
0.008
-0.068
-0.165
-0.044
-0.076
0.032
0.011
0.054
-0.029
0.052
0.018
0.049
0.080
-0.029
0.170
-0.006
-0.062
0.002
-0.005
-0.008
0.108
-0.075
0.059
-0.004
0.011
-0.035
0.126
-0.007
-0.072
0.084
-0.050
-0.168
0.084
0.017
-0.096
0.002
0.002
0.010
-0.014
-0.030
-0.047
0.067
-0.010
-0.079
0.044
-0.027
-0.022
0.000
-0.059
0.107
-0.007
0.023
0.056
0.020
0.049
0.058
-0.111
0.027
-0.053
0.024
0.082
0.052
-0.005
-0.032
-0.007
0.017
0.029
0.037
0.028
0.029
-0.032
0.026
-0.038
0.088
-0.029
-0.049
-0.059
-0.062
-0.073
0.030
0.026
0.083
0.109
0.027
-0.003
-0.023
-0.047
-0.023
-0.031
0.088
0.038
0.122
-0.104
-0.041
0.038
-0.106
-0.061
-0.056
0.034
0.044
-0.033
-0.102
0.006
0.001
0.035
-0.037
-0.009
-0.114
-0.025
-0.072
-0.006
0.190
0.000
0.050
-0.005
-0.077
0.082
0.007
0.118
0.005
0.012
-0.083
-0.021
0.041
-0.002
-0.046
-0.110
0.079
0.056
0.038
0.088
-0.040
-0.082
0.106
0.023
-0.083
-0.005
-0.140
0.027
0.078
0.038
-0.080
-0.011
-0.091
0.037
-0.050
-0.117
-0.016
-0.032
0.069
-0.000
0.015
0.010
-0.007
0.056
0.050
-0.047
-0.019
-0.048
-0.027
0.033
0.034
0.063
-0.099
0.039
-0.132
0.072
-0.007
0.036
-0.052
0.012
0.055
-0.097
-0.077
0.050
0.040
0.006
-0.013
0.064
-0.023
-0.080
-0.123
0.027
0.087
-0.085
-0.031
-0.147
-0.014
-0.041
-0.044
0.047
-0.072
0.047
0.041
-0.030
0.045
-0.041
0.035
0.046
-0.007
-0.115
0.001
-0.065
0.006
-0.010
-0.069
-0.039
-0.011
-0.044
0.038
-0.009
-0.055
0.053
-0.000
0.023
0.006
0.029
-0.073
0.023
-0.083
0.027
-0.063
-0.051
-0.060
0.052
-0.009
0.053
-0.028
0.004
0.081
-0.009
-0.007
-0.001
-0.100
-0.072
0.019
-0.067
-0.016
-0.056
0.024
0.171
0.088
-0.015
0.115
-0.012
0.042
-0.011
0.026
-0.010
-0.027
-0.044
-0.032
0.115
0.089
0.135
-0.026
0.021
0.006
-0.018
-0.030
0.027
0.003
-0.001
-0.030
-0.131
-0.011
-0.096
0.091
-0.064
0.066
-0.005
0.088
-0.079
-0.070
-0.170
-0.013
-0.039
-0.039
-0.019
0.023
-0.093
0.169
-0.036
0.033
-0.023
0.027
-0.019
0.090
0.029
-0.016
0.082
0.029
0.030
0.044
-0.134
-0.088
0.049
-0.068
0.055
-0.101
-0.007
0.063
-0.001
0.081
-0.043
0.041
0.036
-0.032
0.040
0.033
0.008
0.144
-0.005
0.116
0.031
-0.048
0.106
-0.003
-0.005
-0.045
-0.058
-0.102
-0.032
0.181
0.079
-0.027
0.180
-0.047
-0.068
0.102
-0.002
-0.043
0.036
-0.023
-0.017
0.067
-0.095
0.012
-0.033
-0.122
-0.023
0.033
0.025
0.011
0.106
0.051
-0.018
-0.069
-0.005
-0.046
-0.132
-0.010
-0.045
-0.000
0.103
0.066
0.143
-0.058
0.037
-0.050
0.115
0.079
0.131
0.044
0.027
0.004
-0.003
-0.000
-0.095
0.110
-0.026
0.082
0.004
-0.063
-0.033
-0.078
0.016
0.019
0.101
-0.039
0.065
-0.021
-0.015
0.036
-0.056
-0.091
0.104
0.015
-0.027
-0.010
-0.009
0.093
0.028
-0.084
-0.052
-0.051
-0.008
-0.022
0.001
0.136
-0.022
0.091
-0.056
0.036
0.029
-0.032
-0.029
-0.046
0.087
0.082
-0.070
-0.019
-0.039
0.008
0.051
-0.029
0.107
-0.051
0.112
-0.024
-0.100
0.164
0.002
-0.019
-0.083
0.059
-0.015
-0.034
0.070
0.026
0.004
0.004
0.013
-0.048
0.006
-0.090
-0.069
-0.104
-0.034
-0.011
0.009
-0.028
0.017
-0.023
0.065
0.059
-0.043
-0.145
-0.008
0.044
0.034
-0.071
0.088
0.101
-0.001
0.001
0.051
-0.079
-0.104
-0.013
-0.105
-0.029
0.016
0.103
-0.001
-0.005
0.004
-0.056
0.005
0.031
-0.022
0.034
0.159
-0.024
-0.032
0.027
-0.034
-0.015
-0.003
0.058
0.039
0.087
0.077
0.022
0.034
0.128
-0.036
0.034
0.081
-0.004
-0.007
0.036
-0.051
-0.047
-0.027
-0.016
-0.006
-0.071
0.029
0.041
-0.078
0.016
-0.034
-0.072
-0.097
0.068
0.103
0.019
-0.061
-0.017
-0.081
-0.032
-0.075
-0.079
-0.117
0.031
0.054
0.009
-0.012
0.053
-0.033
0.040
-0.025
0.047
-0.103
0.005
-0.089
0.054
0.056
0.069
0.042
-0.017
-0.052
-0.027
-0.066
0.018
-0.081
0.005
-0.046
-0.060
0.111
-0.036
0.022
-0.059
0.023
0.001
0.059
-0.101
-0.080
-0.017
-0.029
0.014
-0.023
-0.022
-0.005
-0.011
-0.127
0.025
0.024
0.013
0.048
-0.071
0.103
-0.022
-0.069
-0.021
-0.072
-0.035
-0.006
0.078
-0.035
0.040
0.075
0.040
0.068
0.049
-0.031
0.083
0.028
-0.227
0.070
0.018
-0.126
-0.016
0.016
0.117
-0.086
-0.065
-0.028
-0.085
0.097
-0.126
-0.037
0.054
0.080
-0.018
0.024
-0.098
0.019
-0.044
-0.001
0.031
0.055
0.100
0.053
0.086
0.022
-0.037
0.034
-0.019
-0.057
0.085
-0.036
0.026
-0.150
0.030
-0.035
0.078
-0.001
-0.053
-0.083
0.034
-0.046
0.067
-0.032
0.082
-0.071
-0.100
0.064
0.039
0.034
0.072
-0.047
0.016
-0.079
0.020
-0.089
0.087
0.115
-0.083
0.090
0.007
0.035
-0.086
0.005
0.002
0.001
-0.048
0.064
0.068
-0.094
0.079
0.073
-0.055
0.011
0.004
-0.091
-0.025
0.082
-0.060
-0.023
0.060
0.030
0.034
0.022
-0.178
-0.060
-0.011
0.080
-0.084
0.057
-0.037
0.108
-0.101
-0.130
-0.047
0.004
0.060
-0.057
0.018
0.005
-0.043
0.016
0.002
0.006
-0.025
0.005
0.042
0.007
-0.022
-0.083
0.003
0.080
0.117
-0.059
0.019
0.012
-0.023
-0.043
-0.040
0.042
0.037
-0.030
0.013
0.123
0.006
0.055
0.023
0.002
-0.122
0.012
0.055
-0.057
0.033
-0.116
0.019
0.172
-0.018
-0.036
-0.001
0.012
0.206
0.146
0.016
0.007
-0.059
-0.047
-0.030
0.069
0.033
-0.163
0.020
-0.066
-0.056
-0.134
0.085
0.002
-0.016
-0.056
0.059
0.042
-0.036
0.083
-0.080
-0.106
-0.133
0.009
-0.028
0.054
0.107
0.039
-0.022
-0.161
-0.077
-0.025
-0.046
-0.075
-0.046
-0.026
0.051
0.032
0.029
0.008
0.014
0.102
0.010
0.077
-0.002
0.072
0.157
-0.070
0.052
0.046
0.051
-0.067
0.120
0.013
0.017
-0.016
0.016
-0.061
-0.099
0.045
-0.141
0.030
0.063
-0.091
-0.068
-0.020
-0.007
0.073
0.053
-0.011
-0.080
-0.035
0.030
0.036
0.060
0.176
0.028
0.022
0.148
0.062
-0.025
-0.062
0.094
-0.009
0.013
0.014
0.074
-0.005
-0.020
-0.057
0.026
-0.036
-0.011
-0.019
0.041
-0.051
0.002
-0.021
-0.018
-0.041
-0.008
-0.080
-0.026
0.024
0.115
0.064
0.010
-0.075
-0.042
-0.032
0.048
0.146
-0.043
-0.055
0.017
0.029
-0.069
0.002
-0.066
0.102
0.044
-0.057
-0.008
-0.076
0.045
0.040
0.018
-0.092
-0.064
-0.057
-0.086
-0.041
0.030
0.053
0.028
-0.056
-0.006
0.021
-0.062
0.029
0.061
0.028
0.085
0.070
-0.163
0.010
0.023
0.073
0.042
0.038
0.040
0.040
-0.031
-0.069
-0.015
0.006
0.001
-0.039
-0.045
-0.120
-0.059
0.002
0.044
0.067
0.073
0.019
0.020
-0.024
-0.072
-0.074
0.010
0.046
-0.008
-0.141
0.060
-0.180
0.228
0.065
0.018
-0.107
-0.014
0.036
-0.005
0.071
0.021
0.067
0.008
-0.047
-0.006
0.003
-0.056
0.033
0.046
0.044
-0.044
0.022
-0.006
0.004
0.059
0.065
0.034
0.007
0.032
-0.138
0.089
-0.027
-0.011
0.042
-0.027
0.009
0.016
-0.000
-0.102
0.016
-0.042
-0.060
-0.007
0.042
-0.001
-0.025
0.045
0.139
-0.097
-0.145
-0.003
0.063
0.004
0.103
0.085
-0.021
-0.035
0.139
-0.009
0.093
-0.054
-0.015
0.037
-0.055
0.005
-0.035
0.082
0.047
0.021
0.020
0.062
0.004
-0.031
-0.003
-0.025
0.002
0.146
-0.087
-0.012
0.086
0.022
-0.007
-0.097
0.021
-0.099
0.043
-0.027
0.116
0.066
0.032
0.030
0.083
-0.039
0.057
-0.054
-0.011
-0.011
0.059
-0.058
-0.065
0.035
-0.023
-0.004
-0.015
-0.066
0.035
-0.064
0.107
0.048
0.006
-0.029
-0.088
-0.007
-0.118
-0.071
0.032
-0.031
0.012
0.058
0.074
-0.103
-0.022
0.090
0.094
-0.055
-0.045
-0.041
-0.021
0.103
-0.029
0.084
0.131
-0.120
-0.045
-0.059
-0.091
-0.033
-0.002
0.070
0.046
-0.004
-0.125
0.088
0.006
-0.047
0.040
-0.027
0.200
-0.000
-0.069
-0.093
-0.068
-0.004
0.039
-0.030
0.066
-0.138
0.044
0.000
0.229
0.038
-0.114
0.010
0.070
-0.006
-0.026
0.055
-0.022
0.010
-0.044
-0.011
0.014
-0.078
-0.121
-0.059
0.053
0.127
0.020
0.031
-0.061
0.043
-0.079
0.031
-0.140
0.073
-0.062
-0.026
-0.081
-0.146
-0.042
-0.020
0.019
0.021
0.094
0.060
-0.188
0.011
-0.070
0.033
0.011
0.018
-0.014
-0.033
-0.011
0.011
0.005
-0.120
-0.016
0.003
-0.010
-0.156
0.044
-0.089
-0.088
-0.075
-0.103
0.032
0.071
-0.058
-0.078
0.064
0.004
-0.063
-0.012
-0.063
0.045
0.000
-0.030
-0.051
0.025
-0.078
0.015
-0.037
0.091
0.037
-0.073
0.055
0.038
0.084
0.026
-0.047
-0.006
-0.106
-0.030
-0.134
-0.023
-0.012
-0.123
-0.105
-0.057
0.018
-0.063
0.047
-0.019
0.040
-0.104
0.063
0.069
-0.047
-0.019
0.030
-0.065
0.046
0.047
0.070
0.051
0.021
0.022
-0.013
0.019
0.054
-0.089
-0.000
0.030
0.036
-0.012
-0.118
-0.079
0.028
0.020
0.002
-0.029
0.043
-0.103
-0.069
-0.042
0.024
-0.077
0.067
0.004
0.036
-0.096
-0.033
0.001
-0.035
-0.053
0.077
-0.035
-0.030
0.009
-0.039
0.085
-0.019
0.019
-0.009
0.012
-0.030
-0.001
-0.027
0.091
-0.065
-0.027
0.058
-0.052
0.100
0.045
-0.013
-0.011
-0.022
-0.016
0.030
0.032
0.013
0.067
-0.036
-0.029
0.022
0.139
0.078
-0.054
0.056
-0.080
-0.015
-0.084
-0.019
-0.025
0.036
-0.117
-0.006
0.000
0.002
-0.082
-0.162
0.029
-0.016
0.142
-0.020
0.009
0.002
-0.096
0.081
-0.027
-0.075
0.023
-0.010
-0.121
0.050
0.048
-0.023
-0.008
0.090
0.057
-0.023
-0.081
-0.134
-0.160
0.064
0.060
-0.092
0.065
-0.002
-0.068
-0.154
0.013
0.001
0.038
0.069
0.006
-0.106
-0.023
0.038
-0.034
-0.063
-0.048
0.013
0.060
0.147
-0.068
-0.105
-0.013
0.000
0.005
-0.013
-0.064
-0.050
0.094
-0.045
0.050
0.089
-0.017
0.020
0.026
-0.038
0.016
0.040
-0.021
-0.020
-0.001
-0.039
0.004
-0.033
0.001
-0.008
-0.008
-0.032
0.043
0.004
-0.028
0.038
-0.058
0.093
-0.021
0.072
0.009
0.060
0.036
-0.001
-0.014
-0.144
0.010
0.032
-0.023
-0.017
0.045
0.020
-0.024
-0.036
-0.009
-0.026
0.095
0.019
-0.043
-0.019
-0.080
-0.060
-0.013
-0.098
0.004
-0.004
0.015
0.128
-0.048
-0.039
-0.144
-0.029
-0.001
0.077
-0.050
0.042
0.109
0.059
-0.007
-0.009
-0.006
-0.047
-0.017
-0.010
0.105
-0.021
0.032
0.045
-0.060
-0.034
0.079
0.028
0.010
-0.003
-0.007
0.014
0.074
-0.038
-0.089
-0.067
-0.046
0.046
-0.013
-0.048
-0.089
-0.088
-0.082
0.015
0.024
-0.069
0.043
0.162
0.041
0.115
-0.089
0.088
-0.048
-0.079
0.057
0.099
0.013
-0.100
0.007
0.015
0.079
0.005
0.010
0.000
0.093
0.084
0.001
-0.101
-0.098
-0.045
0.034
0.081
-0.034
0.010
0.142
0.099
-0.037
-0.098
0.115
0.078
0.010
0.115
0.041
-0.013
-0.061
-0.037
-0.024
0.030
0.021
-0.076
-0.043
0.110
-0.119
-0.001
0.012
-0.105
0.036
-0.145
0.086
-0.008
-0.083
0.006
-0.051
-0.022
0.037
-0.043
-0.023
-0.031
0.011
0.041
-0.089
-0.010
0.002
0.072
0.097
-0.085
0.089
-0.060
0.101
0.164
-0.059
-0.069
0.057
-0.024
-0.017
-0.047
0.032
0.025
-0.079
-0.021
-0.020
-0.007
0.139
-0.009
0.139
0.017
0.051
0.080
-0.107
0.063
-0.014
0.036
-0.102
0.065
0.082
0.078
0.061
-0.040
-0.043
0.100
-0.003
-0.051
0.019
-0.023
-0.037
0.028
-0.083
0.187
0.139
-0.108
0.050
0.093
0.036
0.043
0.000
-0.099
0.036
0.010
-0.055
-0.006
0.117
-0.058
-0.037
-0.096
0.001
0.022
0.066
0.094
0.060
0.065
