-0.008
-0.000
-0.007
-0.000
-0.000
-0.005
-0.004
-0.014
-0.000
0.000
-0.032
-0.030
0.000
-0.000
-0.001
-0.001
-0.001
-0.007
-0.000
-0.003
-0.009
0.000
0.000
-0.000
-0.000
-0.001
-0.000
-0.000
-0.016
0.000
-0.000
-0.011
0.000
-0.000
-0.001
-0.006
-0.007
-0.002
-0.004
-0.000
-0.000
-0.000
0.000
-0.001
-0.000
-0.001
0.000
-0.001
-0.004
-0.014
-0.000
-0.014
-0.001
-0.012
-0.001
-0.003
-0.000
-0.002
-0.011
-0.000
-0.000
-0.000
-0.006
-0.001
-0.002
-0.034
-0.011
0.000
-0.004
-0.006
-0.003
-0.001
-0.000
-0.004
-0.000
-0.000
-0.000
-0.004
-0.000
-0.000
-0.007
-0.003
0.000
-0.000
-0.000
-0.004
-0.000
-0.001
-0.001
-0.000
-0.000
-0.014
-0.000
-0.012
-0.000
-0.006
-0.000
-0.000
-0.021
-0.005
-0.000
-0.000
-0.006
-0.002
0.000
-0.016
-0.001
-0.007
-0.000
-0.000
-0.000
-0.000
-0.000
-0.029
-0.020
-0.005
-0.003
0.000
-0.005
-0.000
-0.012
-0.015
-0.001
-0.000
-0.000
-0.006
-0.001
-0.007
0.000
-0.000
-0.000
-0.000
-0.006
-0.005
-0.000
-0.017
-0.002
-0.000
-0.013
-0.001
-0.043
-0.003
-0.004
-0.002
-0.000
-0.000
-0.003
-0.001
-0.006
-0.013
-0.009
-0.000
-0.000
-0.002
-0.000
-0.000
-0.009
-0.021
-0.000
-0.000
-0.003
-0.000
-0.024
-0.001
0.000
-0.004
-0.019
-0.003
0.000
0.000
-0.007
-0.003
-0.002
0.000
-0.002
-0.039
-0.000
-0.013
-0.000
-0.001
-0.000
0.000
-0.001
-0.000
-0.027
-0.000
-0.000
-0.016
-0.004
-0.007
-0.020
0.000
-0.010
-0.000
-0.001
-0.000
-0.007
-0.001
-0.000
-0.000
-0.003
0.000
-0.001
0.000
-0.000
-0.001
-0.000
0.000
-0.017
-0.000
-0.007
-0.000
0.000
0.000
-0.021
0.000
-0.002
0.000
0.000
-0.000
-0.010
-0.002
-0.009
-0.000
-0.000
-0.001
-0.001
-0.002
-0.000
-0.010
-0.001
-0.000
-0.000
-0.001
-0.005
-0.008
-0.048
-0.014
-0.002
-0.000
-0.027
-0.003
-0.000
-0.000
-0.000
0.000
-0.000
-0.009
-0.000
-0.039
