0.064
0.054
-0.009
0.033
-0.106
-0.134
0.038
-0.045
0.102
0.078
0.012
0.021
-0.021
0.008
-0.106
-0.131
0.157
-0.044
0.231
0.047
-0.162
-0.029
-0.050
-0.124
0.005
-0.007
-0.013
0.024
-0.018
0.126
0.035
-0.003
-0.008
-0.165
-0.023
-0.117
-0.003
0.078
0.151
0.047
0.028
0.016
0.056
0.136
0.123
0.131
0.031
-0.033
0.001
0.038
0.159
0.084
-0.042
0.006
-0.046
0.082
0.017
0.043
-0.000
-0.023
-0.151
0.090
0.041
0.018
-0.004
0.059
-0.012
0.204
0.053
-0.025
0.090
0.039
0.060
0.075
0.041
0.082
-0.035
0.016
0.036
0.137
0.017
-0.016
0.050
-0.046
-0.063
0.007
0.072
-0.034
0.100
-0.050
-0.104
0.062
0.185
0.040
-0.022
-0.003
-0.078
-0.075
-0.032
-0.057
-0.006
0.067
0.055
0.059
-0.068
0.087
-0.007
-0.049
-0.011
0.056
0.018
0.007
0.078
0.016
-0.039
0.125
-0.079
0.106
-0.104
0.039
-0.001
-0.107
0.046
-0.031
0.004
-0.084
0.140
-0.035
-0.095
-0.058
-0.070
-0.142
-0.013
-0.023
0.028
-0.103
0.126
-0.133
0.017
0.060
0.068
0.059
0.006
-0.042
-0.024
-0.018
0.063
0.075
-0.091
0.113
0.022
0.041
-0.063
-0.030
-0.033
-0.058
0.008
-0.071
-0.024
-0.038
0.039
-0.171
0.043
0.075
0.008
-0.050
0.080
0.040
-0.074
0.071
-0.000
0.007
0.110
0.063
-0.014
0.028
-0.032
0.059
-0.048
0.016
0.056
0.018
0.088
-0.014
-0.097
0.047
-0.020
-0.061
0.007
-0.023
-0.036
-0.045
0.064
0.002
0.097
0.088
-0.018
0.185
-0.136
-0.021
0.017
0.040
0.001
0.018
0.012
-0.069
0.048
0.118
-0.035
-0.013
0.035
0.112
0.034
0.010
0.012
-0.034
-0.040
-0.048
0.064
-0.055
0.097
0.049
0.027
-0.047
0.040
-0.102
0.176
-0.130
0.096
-0.072
-0.122
-0.112
-0.020
0.005
0.019
0.081
-0.072
-0.004
-0.004
-0.075
-0.095
-0.044
-0.006
0.061
0.038
0.072
0.166
0.110
0.090
-0.027
0.072
-0.007
0.148
-0.028
-0.138
-0.027
0.041
-0.124
0.011
-0.045
-0.108
-0.003
-0.184
-0.196
0.058
-0.037
-0.093
0.062
0.060
-0.091
0.106
0.061
0.057
0.017
0.055
0.043
-0.061
0.007
0.037
-0.054
0.066
0.099
0.072
0.001
-0.072
0.044
0.012
-0.153
0.072
0.110
0.017
0.039
-0.029
-0.008
0.026
0.006
-0.070
-0.084
0.160
0.126
-0.054
-0.099
0.150
-0.025
0.006
-0.049
0.054
-0.093
0.107
-0.003
-0.118
0.104
-0.076
0.059
-0.002
0.009
-0.025
0.104
-0.041
-0.044
-0.057
-0.118
0.012
0.058
0.121
0.019
0.068
-0.099
0.024
-0.042
-0.062
0.031
-0.089
-0.019
-0.054
0.066
0.019
0.076
-0.082
-0.043
0.003
0.082
-0.056
-0.035
-0.033
0.028
0.058
-0.000
-0.099
0.115
-0.033
0.015
-0.096
-0.077
-0.018
0.038
0.007
0.024
-0.050
-0.048
-0.020
-0.058
0.004
0.077
-0.098
0.025
-0.110
0.055
0.025
0.000
0.104
-0.044
0.094
-0.045
-0.039
0.120
-0.035
0.009
-0.033
-0.016
0.073
0.083
-0.061
0.043
0.015
0.026
-0.074
-0.020
-0.034
-0.048
0.044
-0.021
-0.045
-0.019
-0.011
0.034
0.105
-0.026
0.043
-0.046
-0.044
0.060
-0.082
-0.056
-0.017
-0.097
-0.033
-0.076
0.070
-0.039
-0.102
0.010
0.088
-0.016
-0.008
0.065
-0.049
0.141
0.040
-0.104
0.031
-0.048
0.074
-0.048
0.109
0.063
0.077
-0.087
0.090
0.007
0.034
-0.013
-0.080
-0.011
0.038
-0.074
0.026
-0.089
-0.066
0.043
-0.053
0.003
-0.180
-0.004
-0.031
-0.047
-0.010
0.060
0.102
-0.123
-0.050
0.030
0.068
-0.143
0.040
-0.084
0.056
-0.037
0.048
0.022
-0.005
-0.092
0.024
0.028
0.040
-0.118
0.030
-0.074
0.069
-0.035
0.049
0.084
0.037
-0.061
0.085
-0.043
-0.016
0.051
-0.073
-0.028
0.045
0.075
0.093
-0.054
0.097
0.037
-0.022
-0.018
-0.017
0.161
-0.023
0.154
0.033
0.013
0.022
-0.081
-0.024
0.046
0.010
0.033
-0.060
-0.019
-0.018
0.007
-0.003
-0.019
0.038
-0.030
0.021
0.009
-0.020
0.041
0.034
0.047
-0.107
0.118
0.134
-0.013
0.008
-0.005
0.152
-0.007
0.058
0.119
0.001
-0.076
-0.019
0.001
-0.077
-0.026
-0.008
0.125
-0.036
-0.018
0.039
-0.000
-0.207
-0.076
-0.204
0.102
0.034
0.046
0.090
-0.079
-0.053
-0.075
-0.008
-0.028
0.068
0.096
-0.067
0.101
0.127
-0.002
-0.035
-0.006
-0.124
0.000
-0.040
-0.024
-0.122
0.176
0.008
0.010
0.124
0.089
-0.048
0.080
-0.054
-0.069
-0.159
-0.050
-0.011
-0.092
-0.010
-0.022
-0.008
0.091
0.033
0.024
-0.095
0.041
-0.016
0.091
-0.035
0.098
0.093
-0.076
-0.028
0.176
-0.020
-0.052
0.139
0.016
-0.044
0.029
-0.005
-0.063
-0.017
0.080
0.066
0.016
0.101
-0.022
-0.009
0.058
-0.137
0.058
0.045
-0.144
-0.020
-0.059
0.047
-0.078
-0.051
-0.073
0.131
0.049
-0.119
-0.006
0.049
-0.072
0.008
-0.077
-0.036
0.071
-0.080
-0.062
0.032
0.061
-0.103
0.105
-0.091
-0.033
-0.020
-0.021
0.059
0.028
0.098
-0.032
-0.071
-0.004
0.001
-0.056
0.023
-0.069
0.073
0.044
-0.026
-0.002
0.182
0.202
-0.040
-0.048
-0.057
-0.118
0.015
-0.055
-0.065
0.063
0.054
0.048
-0.028
0.098
-0.099
0.127
-0.028
-0.068
0.039
-0.085
0.029
0.066
0.005
0.116
-0.058
0.121
-0.057
-0.072
0.007
-0.114
-0.005
-0.055
0.085
-0.001
-0.007
-0.039
0.081
0.012
-0.110
-0.032
0.035
-0.029
-0.052
-0.061
0.062
-0.090
-0.004
0.113
-0.077
-0.030
0.092
-0.067
0.006
-0.081
-0.064
-0.066
-0.089
-0.099
-0.028
0.013
-0.050
0.090
-0.019
-0.011
-0.043
-0.049
0.068
0.112
-0.050
0.044
0.030
-0.019
0.036
-0.090
0.031
0.029
0.003
-0.018
0.077
0.055
0.065
0.031
-0.041
-0.010
0.014
-0.021
0.020
-0.057
-0.003
0.058
-0.005
-0.016
0.219
-0.006
0.067
0.040
0.045
-0.086
-0.038
-0.043
0.056
0.007
-0.028
-0.025
0.030
0.037
0.069
-0.048
0.016
-0.078
0.051
0.012
0.134
-0.014
-0.002
-0.061
0.062
-0.065
0.217
-0.066
-0.000
-0.007
-0.008
-0.056
-0.083
-0.036
0.114
0.019
-0.085
-0.047
0.014
0.043
0.065
0.033
0.025
-0.000
0.013
-0.091
-0.007
-0.047
0.044
0.035
0.129
-0.035
-0.015
-0.038
-0.025
-0.051
-0.034
-0.125
-0.078
0.003
-0.038
-0.054
0.055
-0.077
0.001
0.076
-0.048
-0.132
0.037
-0.054
-0.138
0.082
-0.110
0.031
0.064
0.051
0.016
0.030
-0.017
0.030
0.034
-0.029
0.106
0.032
-0.024
0.032
0.144
0.148
-0.042
0.056
0.047
-0.064
-0.028
0.089
-0.049
-0.002
0.069
-0.142
0.103
-0.072
0.037
0.056
0.038
0.013
0.018
-0.048
0.000
-0.038
0.012
-0.058
-0.088
0.079
-0.023
-0.042
0.001
-0.082
-0.035
0.060
0.102
-0.038
-0.034
-0.041
0.049
0.006
0.073
0.010
-0.078
-0.079
0.111
0.124
0.041
0.025
0.097
0.010
-0.000
-0.025
-0.044
-0.059
-0.075
0.001
-0.073
0.045
0.044
0.073
-0.122
-0.068
0.004
-0.105
-0.054
-0.015
-0.091
0.031
-0.042
0.061
-0.053
0.027
0.072
-0.045
0.073
0.046
0.048
-0.099
0.099
-0.095
0.156
0.048
-0.131
0.003
0.015
0.074
0.010
0.007
-0.031
0.015
-0.076
0.085
-0.013
-0.017
0.019
-0.121
-0.067
0.029
-0.022
0.007
0.063
-0.039
0.099
0.039
-0.007
-0.040
0.116
-0.015
-0.050
-0.023
-0.000
0.007
-0.176
0.011
-0.016
0.061
0.079
0.068
-0.069
-0.021
-0.007
-0.004
-0.011
-0.040
0.037
0.058
0.178
0.065
0.034
0.055
-0.076
0.032
-0.014
0.002
0.207
-0.041
-0.035
0.144
-0.005
-0.001
-0.022
-0.002
0.034
0.038
-0.061
-0.077
-0.008
-0.017
0.060
-0.118
-0.025
0.035
0.089
0.032
-0.001
0.050
-0.130
0.124
0.077
0.160
0.025
-0.043
-0.055
0.042
0.006
0.012
0.116
-0.090
-0.092
-0.121
0.027
0.047
0.034
0.050
-0.004
0.050
0.101
0.058
0.024
0.007
0.094
-0.009
0.148
-0.018
-0.042
-0.132
-0.007
0.116
0.078
0.031
0.086
0.093
0.070
-0.105
-0.081
0.149
0.019
-0.017
-0.034
0.007
0.036
-0.024
-0.027
0.013
-0.042
0.023
0.058
-0.045
-0.065
-0.017
0.068
-0.059
-0.004
-0.016
-0.015
-0.018
0.047
0.046
0.065
-0.015
-0.172
0.018
0.071
0.062
0.015
0.052
-0.031
-0.050
-0.028
-0.079
-0.032
0.072
-0.063
-0.050
0.025
0.044
0.095
0.033
-0.051
0.010
0.090
-0.024
-0.014
0.035
0.031
0.017
-0.056
0.001
0.060
0.092
-0.088
0.096
-0.063
-0.068
-0.028
0.107
-0.082
-0.005
0.122
-0.060
0.001
-0.004
0.049
0.038
0.140
-0.056
-0.023
-0.012
0.064
-0.018
0.025
0.109
0.093
0.075
-0.021
-0.029
-0.074
-0.017
-0.054
-0.013
-0.021
-0.121
0.060
-0.018
-0.107
-0.137
0.040
-0.028
0.129
0.056
0.033
0.062
0.070
-0.048
0.135
0.079
0.027
0.086
-0.019
0.020
-0.096
-0.070
0.048
0.063
0.040
-0.087
0.049
0.067
-0.153
0.088
-0.098
0.085
-0.008
0.077
0.043
-0.014
0.025
0.109
-0.037
0.172
0.108
0.079
-0.080
0.029
-0.011
-0.082
0.045
-0.039
-0.014
0.051
-0.103
-0.087
-0.054
0.048
0.030
0.104
-0.037
0.053
-0.034
0.027
0.074
0.049
-0.049
-0.050
0.141
-0.113
0.058
0.009
0.021
0.076
0.049
-0.054
0.100
-0.048
0.108
-0.028
0.049
0.050
0.002
-0.057
-0.063
0.043
-0.117
-0.026
0.048
-0.025
-0.034
0.100
0.160
0.100
0.198
-0.036
-0.007
-0.110
0.016
0.065
-0.055
0.044
-0.023
-0.092
-0.078
-0.052
0.047
0.075
-0.000
0.085
0.191
0.098
-0.094
0.024
0.035
-0.104
-0.066
0.002
0.069
0.041
-0.042
0.019
-0.037
0.017
0.219
0.055
0.014
-0.004
-0.039
0.029
0.034
-0.010
0.149
-0.037
0.059
-0.017
-0.089
-0.100
-0.135
-0.051
0.031
0.050
-0.007
-0.074
-0.071
-0.047
-0.099
-0.066
0.060
0.049
0.014
0.010
-0.070
0.005
-0.015
-0.007
0.001
-0.020
-0.081
0.090
0.025
-0.050
0.059
-0.045
0.063
-0.012
-0.065
0.017
-0.014
-0.032
-0.003
-0.081
-0.015
0.022
0.029
0.037
-0.101
0.005
0.004
-0.029
-0.033
0.090
0.046
-0.082
0.023
0.031
0.096
-0.032
-0.007
-0.057
0.065
0.034
0.088
0.027
0.023
-0.043
-0.020
-0.082
-0.025
-0.046
-0.001
-0.055
0.136
0.023
-0.094
-0.102
-0.109
-0.150
0.011
-0.073
-0.043
-0.085
0.012
0.036
-0.043
0.082
0.066
0.027
0.099
-0.027
0.047
0.156
0.061
0.051
-0.101
0.041
0.037
0.038
-0.035
0.121
-0.006
-0.011
0.038
-0.039
-0.021
-0.060
0.030
0.015
-0.129
0.046
-0.060
0.044
-0.013
0.006
0.015
0.084
0.035
-0.225
-0.046
-0.040
0.028
0.062
0.013
0.097
0.001
0.122
-0.033
0.106
0.004
0.081
-0.056
-0.012
0.056
-0.051
-0.046
-0.065
-0.002
0.082
-0.044
-0.024
0.006
0.043
-0.058
0.082
0.069
-0.036
0.029
0.032
-0.073
0.087
-0.072
0.135
-0.047
0.045
0.019
0.031
-0.042
-0.023
-0.023
-0.079
0.085
-0.016
-0.075
-0.011
0.035
-0.002
-0.041
0.058
-0.019
0.103
-0.083
-0.024
-0.031
0.047
-0.041
-0.037
0.010
0.221
0.027
0.000
-0.022
0.052
0.035
0.017
0.153
0.100
0.015
0.117
0.048
-0.017
-0.013
0.051
-0.137
-0.001
-0.093
0.014
-0.012
-0.116
-0.067
0.009
-0.047
0.073
0.106
0.010
0.003
-0.046
0.013
-0.003
0.011
0.014
0.134
-0.025
0.041
-0.011
0.109
-0.102
0.043
0.077
0.029
0.015
0.087
0.004
0.061
0.081
0.010
-0.063
-0.020
-0.006
-0.043
0.004
-0.054
0.052
0.059
-0.057
0.123
0.023
-0.067
0.095
0.014
-0.083
-0.054
-0.049
0.021
0.030
-0.029
0.047
-0.164
0.075
-0.106
0.001
-0.074
0.002
-0.132
0.065
0.028
0.078
-0.025
-0.114
-0.051
0.088
0.037
0.014
0.070
-0.026
-0.025
-0.058
-0.069
0.149
0.095
0.062
0.019
-0.137
-0.004
0.064
-0.006
0.059
-0.019
0.037
0.023
-0.005
0.023
0.072
-0.007
0.066
0.018
-0.051
-0.093
-0.050
-0.095
0.028
0.051
0.001
0.080
0.090
0.009
0.060
0.093
-0.141
-0.079
0.032
0.082
0.098
-0.064
0.032
0.130
0.024
-0.011
-0.003
-0.002
-0.100
0.050
0.188
0.130
0.088
0.122
0.066
-0.010
-0.080
0.029
-0.055
0.092
-0.016
0.031
-0.006
-0.014
-0.067
-0.039
-0.104
0.016
-0.025
-0.054
-0.031
-0.009
0.016
0.028
0.033
-0.101
-0.025
0.023
0.103
0.099
0.009
0.009
0.103
0.060
0.090
-0.142
-0.022
-0.055
0.127
0.012
-0.009
0.087
-0.043
0.030
0.040
0.025
0.057
0.254
-0.223
0.159
0.028
0.134
0.116
-0.052
-0.029
-0.046
-0.071
0.002
-0.012
0.075
0.068
0.002
0.114
0.027
-0.028
0.032
0.070
0.051
0.003
0.157
0.118
0.036
0.013
-0.096
-0.008
0.036
0.088
-0.004
0.095
-0.091
0.015
0.002
0.024
0.063
-0.028
-0.019
0.162
0.034
-0.047
0.011
0.113
0.004
0.073
-0.064
0.058
0.031
0.020
0.104
-0.144
0.037
0.024
0.108
0.030
-0.059
0.020
0.007
-0.084
0.064
0.089
-0.062
-0.069
0.048
-0.096
-0.015
0.011
0.027
-0.015
-0.041
0.119
-0.024
0.094
0.079
0.012
0.048
0.017
-0.181
0.081
-0.034
0.028
-0.202
0.002
0.035
0.089
0.076
0.029
-0.015
0.029
-0.087
0.029
0.000
0.093
-0.043
0.014
-0.044
-0.003
0.108
0.022
0.076
0.049
-0.037
0.024
0.154
0.017
-0.115
0.049
0.093
0.053
0.094
0.002
-0.055
0.111
-0.013
-0.036
0.019
-0.066
-0.011
0.024
-0.088
-0.065
-0.086
0.035
-0.036
-0.035
0.090
0.025
0.045
0.038
0.041
0.111
0.095
0.075
-0.013
0.001
0.028
0.131
-0.033
-0.080
0.022
-0.076
0.029
-0.094
0.033
-0.039
-0.080
0.003
0.074
-0.026
0.045
0.034
-0.013
0.020
0.061
-0.072
-0.115
-0.003
-0.025
0.022
0.157
0.017
0.052
0.110
-0.204
0.067
-0.079
0.163
0.089
0.086
0.041
-0.145
0.002
0.035
-0.018
-0.040
0.059
-0.049
0.179
-0.121
0.093
-0.004
-0.021
0.021
-0.190
0.164
0.074
0.014
-0.028
-0.003
-0.042
-0.136
0.090
-0.021
-0.075
-0.037
-0.021
0.072
-0.047
0.056
0.015
-0.002
0.049
-0.017
-0.019
0.004
-0.017
0.044
-0.122
-0.055
-0.032
-0.006
0.083
-0.006
0.036
-0.022
0.040
-0.024
-0.081
0.015
0.069
-0.131
0.101
-0.010
0.015
-0.034
-0.049
-0.045
-0.020
-0.114
0.037
0.006
-0.012
0.090
-0.080
-0.021
-0.067
0.080
-0.035
0.025
0.000
0.062
-0.023
-0.063
0.049
0.008
0.120
-0.038
-0.037
-0.098
0.055
0.039
-0.005
-0.052
-0.146
0.057
-0.011
0.079
0.025
-0.056
-0.025
-0.068
-0.090
0.035
-0.033
0.013
0.038
0.116
0.073
0.043
0.080
-0.012
0.005
-0.058
-0.008
-0.014
-0.019
-0.023
0.029
-0.081
-0.032
0.169
0.012
0.007
-0.060
0.060
-0.045
0.100
0.009
-0.037
-0.056
0.100
0.084
0.042
0.078
0.119
0.012
0.021
-0.047
0.020
-0.103
-0.018
-0.085
-0.070
0.071
0.072
-0.096
-0.026
-0.108
0.048
0.138
-0.035
-0.057
-0.030
0.013
-0.134
-0.069
0.193
-0.032
0.044
0.005
0.023
0.029
0.077
0.009
-0.106
-0.051
-0.183
0.101
0.019
-0.064
0.039
-0.047
0.045
0.002
0.144
0.004
0.001
-0.001
0.053
0.078
0.000
0.100
-0.082
0.041
-0.035
-0.120
0.070
0.122
0.099
0.042
-0.015
-0.196
0.102
0.033
-0.031
-0.015
0.003
-0.002
-0.044
-0.154
0.020
0.060
0.049
0.079
0.096
-0.018
0.037
-0.001
-0.140
0.044
0.001
0.088
0.106
-0.087
0.007
-0.090
-0.063
0.043
0.004
-0.122
0.029
0.023
-0.101
0.036
0.042
-0.067
-0.098
0.038
0.051
0.100
-0.009
0.043
0.039
0.055
0.046
-0.002
-0.032
-0.025
-0.036
0.030
0.031
-0.029
0.014
0.136
0.009
0.038
0.184
0.078
-0.089
-0.027
0.125
0.052
0.011
-0.018
0.093
0.148
-0.043
0.015
0.003
-0.072
0.069
0.122
0.170
0.118
-0.050
0.047
0.057
-0.031
-0.108
0.042
-0.027
0.015
0.087
-0.111
-0.029
0.032
-0.119
0.056
-0.022
-0.065
-0.044
0.037
-0.075
-0.018
0.022
0.059
-0.036
0.205
-0.033
-0.064
0.063
0.030
-0.001
0.104
0.033
-0.041
-0.027
-0.003
-0.092
-0.059
0.015
0.004
-0.069
0.046
-0.004
0.018
0.105
0.024
0.092
-0.079
-0.029
0.104
-0.031
-0.022
-0.035
0.033
0.058
0.104
0.039
0.114
0.029
0.046
-0.110
0.066
-0.092
0.101
0.053
-0.049
-0.012
0.171
-0.042
0.010
0.035
0.005
-0.003
-0.086
0.117
0.005
0.085
0.010
-0.060
-0.025
0.015
0.050
0.084
-0.015
0.061
0.104
-0.036
0.061
0.000
-0.030
-0.005
-0.080
0.008
0.039
0.069
0.169
0.083
0.029
-0.033
-0.022
0.015
-0.072
0.110
-0.100
-0.044
-0.066
-0.024
0.070
-0.003
-0.174
-0.064
-0.017
-0.023
-0.109
-0.125
0.056
0.003
0.062
-0.187
0.213
0.135
0.075
0.019
0.052
0.120
-0.040
-0.060
0.081
0.044
0.012
-0.038
0.028
-0.045
0.013
0.087
-0.120
0.054
-0.064
-0.064
0.040
0.017
0.028
0.106
-0.040
-0.128
-0.010
-0.071
-0.020
-0.030
0.009
-0.003
-0.078
-0.028
-0.048
0.026
-0.048
0.029
0.019
-0.083
0.112
0.063
0.097
0.037
-0.050
0.120
-0.018
0.002
0.003
0.011
-0.098
0.054
0.106
-0.051
-0.104
-0.066
0.060
-0.046
-0.106
-0.041
0.055
0.017
0.028
-0.041
0.046
-0.064
0.067
-0.021
0.071
0.024
0.005
-0.074
-0.079
-0.015
0.026
0.045
-0.093
0.029
-0.055
-0.020
0.003
-0.024
0.105
0.003
-0.080
-0.013
0.008
0.124
-0.058
0.014
-0.075
-0.045
-0.011
0.013
0.009
0.041
0.011
0.083
0.067
-0.052
0.061
-0.028
0.052
-0.055
-0.146
0.084
0.006
0.061
-0.083
-0.122
0.028
0.057
-0.109
-0.047
-0.043
0.036
0.188
-0.019
0.100
-0.011
0.118
-0.065
0.066
-0.056
-0.001
0.157
-0.008
0.063
-0.113
-0.025
0.001
0.112
-0.076
-0.004
-0.024
-0.065
-0.050
-0.009
-0.024
0.070
0.052
-0.068
0.034
-0.040
-0.057
0.028
0.003
-0.027
-0.087
0.053
-0.029
0.013
0.088
0.017
-0.039
0.016
0.001
0.004
0.016
0.065
0.031
-0.074
-0.035
0.058
-0.003
-0.049
-0.056
-0.041
-0.002
0.094
0.144
-0.003
0.026
0.150
0.145
-0.049
0.107
0.061
0.006
-0.058
0.057
0.032
0.017
-0.102
-0.022
-0.050
0.063
-0.034
0.067
-0.014
0.071
0.085
-0.033
0.043
0.010
0.108
0.087
0.086
-0.134
0.059
0.008
0.073
-0.052
0.034
0.055
0.004
0.008
0.024
-0.149
0.036
-0.047
0.142
-0.158
0.015
0.009
0.075
-0.063
-0.072
-0.027
0.003
0.007
-0.009
-0.031
-0.056
-0.067
0.043
-0.099
-0.040
0.079
0.130
-0.122
-0.025
0.014
0.013
-0.083
0.057
-0.066
0.086
-0.067
0.090
-0.003
0.173
0.005
-0.018
0.197
0.165
-0.031
0.197
0.028
0.032
-0.094
0.122
-0.054
-0.083
0.087
-0.056
0.068
0.077
0.049
0.031
-0.009
-0.006
0.135
0.030
0.050
-0.059
-0.014
-0.014
0.085
0.095
-0.013
0.020
-0.103
0.063
0.034
-0.039
0.076
0.077
0.061
0.046
0.042
-0.095
0.032
0.058
0.103
0.134
-0.010
-0.090
0.016
0.005
-0.014
0.105
0.009
-0.066
0.062
-0.011
-0.037
0.020
-0.042
-0.068
-0.086
0.127
-0.012
-0.066
0.073
-0.002
-0.097
0.024
-0.112
-0.104
0.032
-0.060
-0.008
-0.014
0.091
-0.042
0.024
-0.044
0.127
0.060
-0.036
-0.021
0.109
0.014
-0.042
0.012
0.223
0.021
-0.030
-0.062
-0.014
-0.014
0.058
0.047
0.066
-0.023
0.046
0.105
0.014
0.019
-0.060
0.065
0.003
0.057
-0.031
-0.033
0.032
0.082
-0.012
0.054
0.045
0.095
0.041
0.095
0.011
-0.063
0.070
0.013
0.071
0.242
-0.028
-0.126
0.000
-0.098
-0.059
0.056
-0.000
0.104
